iteration,operation,ns
1,1,101705221
1,2,42258282
1,3,44700062
1,4,3139236
1,5,20809988
1,6,5528251
1,7,4217448
1,8,3529501
1,9,17834833
1,10,5993296
1,11,4436546
1,12,17450644
1,13,4642759
1,14,6641005
1,15,5043550
1,16,6448016
1,17,6975327
1,18,7397796
1,19,13179981
1,20,9196022
1,21,3523473
1,22,5458516
1,23,5630118
1,24,4767937
1,25,4209048
1,26,7072933
1,27,4687110
1,28,4880156
1,29,4204610
1,30,4467004
1,31,4873154
1,32,9796639
1,33,4468123
1,34,5855223
1,35,6509512
1,36,3848099
1,37,3737296
1,38,5745442
1,39,5795012
1,40,3510177
1,41,3760182
1,42,11993825
1,43,3827741
1,44,12958997
1,45,4059630
1,46,3240816
1,47,3310726
1,48,25093020
1,49,15087701
1,50,32603848
1,51,18534248
1,52,22086211
1,53,21137415
1,54,3378701
1,55,3398390
1,56,5457695
1,57,4858232
1,58,3781330
1,59,4112182
1,60,7002855
1,61,5161959
1,62,23200965
1,63,3456222
1,64,5202635
1,65,6677115
1,66,3582831
1,67,3247598
1,68,3686036
1,69,9170135
1,70,3843742
1,71,2753431
1,72,3202401
1,73,4829042
1,74,10281207
1,75,3554935
1,76,3013679
1,77,8669103
1,78,6134115
1,79,18307521
1,80,4286647
1,81,5341541
1,82,9540421
1,83,22695968
1,84,4342478
1,85,13149903
1,86,4217076
1,87,3434536
1,88,7930192
1,89,3128931
1,90,5771423
1,91,2795179
1,92,5122083
1,93,4243362
1,94,4198232
1,95,2987138
1,96,4228637
1,97,9883997
1,98,6829126
1,99,3342396
1,100,7815158
1,101,3947396
1,102,4227783
1,103,22470631
1,104,7222357
1,105,11493253
1,106,10813696
1,107,9749679
1,108,7677747
1,109,5114145
1,110,4537729
1,111,3437123
1,112,5238737
1,113,6088676
1,114,4449382
1,115,3727642
1,116,7620225
1,117,5066233
1,118,5679395
1,119,7187402
1,120,6833965
1,121,22753478
1,122,6939412
1,123,8650433
1,124,5026823
1,125,4329929
1,126,9309724
1,127,11945011
1,128,8244649
1,129,13191084
1,130,4512799
1,131,6952767
1,132,9690021
1,133,5183741
1,134,4617847
1,135,26086931
1,136,26513174
1,137,7447970
1,138,5150810
1,139,5141380
1,140,8771254
1,141,5423178
1,142,5844238
1,143,7054706
1,144,7450561
1,145,7462228
1,146,6562853
1,147,9535306
1,148,4120758
1,149,4886652
1,150,4697252
1,151,5036111
1,152,5591154
1,153,5097283
1,154,5820283
1,155,3395109
1,156,4283606
1,157,19175446
1,158,7067510
1,159,4965818
1,160,9782086
1,161,7311031
1,162,4686226
1,163,3117967
1,164,29330163
1,165,4887024
1,166,5013711
1,167,3834256
1,168,6364658
1,169,5846477
1,170,20429470
1,171,5850722
1,172,5055340
1,173,5651862
1,174,13196694
1,175,10819518
1,176,8850069
1,177,4834172
1,178,12508892
1,179,17370221
1,180,6570405
1,181,5191077
1,182,3914259
1,183,4058093
1,184,5171094
1,185,21677968
1,186,12167773
1,187,3321666
1,188,7531095
1,189,4207084
1,190,4433282
1,191,23064338
1,192,6897458
1,193,3628917
1,194,3287034
1,195,5292243
1,196,4072013
1,197,7271934
1,198,3828380
1,199,2811021
1,200,11757097
1,201,5082600
1,202,10517249
1,203,3516472
1,204,4437040
1,205,4793794
1,206,7573156
1,207,11287921
1,208,19645630
1,209,6326082
1,210,11401159
1,211,5385486
1,212,5514270
1,213,18915958
1,214,6118530
1,215,5199656
1,216,8545039
1,217,8762958
1,218,4256406
1,219,21030560
1,220,17321155
1,221,8252970
1,222,5127853
1,223,3479869
1,224,3049405
1,225,4365747
1,226,4364799
1,227,19323356
1,228,3962904
1,229,3786299
1,230,4729235
1,231,4424246
1,232,3694456
1,233,5831539
1,234,4467088
1,235,3246017
1,236,3409734
1,237,5777382
1,238,6914842
1,239,6246502
1,240,5744659
1,241,4318191
1,242,4929264
1,243,4831604
1,244,5267979
1,245,4731117
1,246,24751843
1,247,6294902
1,248,5481693
1,249,22558103
1,250,7450898
1,251,2790729
1,252,8513127
1,253,26730958
1,254,6294287
1,255,10099481
1,256,7863085
1,257,6497494
1,258,3805698
1,259,14463919
1,260,4580569
1,261,5262423
1,262,9697355
1,263,17206121
1,264,19787625
1,265,4832598
1,266,5426664
1,267,4250616
1,268,3706438
1,269,4074686
1,270,4649441
1,271,4351723
1,272,5828999
1,273,3505796
1,274,2821605
1,275,10370014
1,276,4845222
1,277,6610604
1,278,6042179
1,279,9745191
1,280,37712987
1,281,5770158
1,282,5554486
1,283,18504713
1,284,5376249
1,285,3645301
1,286,3950117
1,287,4007824
1,288,5089013
1,289,5867274
1,290,9391935
1,291,3395238
1,292,5448083
1,293,5629371
1,294,6190696
1,295,3944622
1,296,5933560
1,297,4675064
1,298,4693682
1,299,25975224
1,300,4967567
1,301,3426577
1,302,13584589
1,303,5923857
1,304,13347779
1,305,27665138
1,306,7357690
1,307,4294065
1,308,6664541
1,309,7413532
1,310,4599896
1,311,11223807
1,312,8078497
1,313,5192508
1,314,7042632
1,315,8466990
1,316,5618394
1,317,11290494
1,318,3837066
1,319,7160090
1,320,23442052
1,321,15041839
1,322,15121886
1,323,4146615
1,324,22755897
1,325,22173323
1,326,39608855
1,327,32368716
1,328,6026664
1,329,3206098
1,330,12763740
1,331,16854326
1,332,5493507
1,333,9113243
1,334,23833717
1,335,6426998
1,336,3120309
1,337,18654174
1,338,6501905
1,339,3934186
1,340,7538237
1,341,7249089
1,342,3380077
1,343,7315764
1,344,5394119
1,345,8462995
1,346,3778100
1,347,4071208
1,348,7915114
1,349,4066851
1,350,7634919
1,351,14302907
1,352,9800781
1,353,5094967
1,354,6717806
1,355,5459169
1,356,4710929
1,357,7694782
1,358,8217218
1,359,6877172
1,360,4989715
1,361,3957892
1,362,4517355
1,363,5316343
1,364,14991725
1,365,12095765
1,366,23147429
1,367,5849445
1,368,9081459
1,369,8258307
1,370,17499819
1,371,11370774
1,372,44238369
1,373,11715417
1,374,53353732
1,375,18775277
1,376,118252553
1,377,15759079
1,378,11884121
1,379,6500241
1,380,5917311
1,381,5930090
1,382,18940518
1,383,3730252
1,384,4689502
1,385,15987249
1,386,12293647
1,387,7022357
1,388,6885364
1,389,5745669
1,390,33597837
1,391,27049554
1,392,24340421
1,393,3164938
1,394,3155156
1,395,5002253
1,396,3238198
1,397,4952338
1,398,3727788
1,399,4536203
1,400,3770025
1,401,5288939
1,402,5371632
1,403,4322964
1,404,9972300
1,405,7022803
1,406,2977939
1,407,6479982
1,408,4006189
1,409,3907731
1,410,3221186
1,411,3442226
1,412,4895005
1,413,5768091
1,414,8224634
1,415,6544636
1,416,41298447
1,417,4104197
1,418,4208011
1,419,17457176
1,420,5329039
1,421,14726090
1,422,8396847
1,423,5174650
1,424,4033904
1,425,7601097
1,426,4392896
1,427,10218427
1,428,6847257
1,429,3906442
1,430,8821341
1,431,4496267
1,432,6263320
1,433,3270201
1,434,2973762
1,435,4117754
1,436,4016366
1,437,5015141
1,438,4031662
1,439,5265399
1,440,6862432
1,441,4310637
1,442,4772560
1,443,3925296
1,444,4139838
1,445,6328951
1,446,6319473
1,447,4791434
1,448,4085034
1,449,4712368
1,450,6083568
1,451,5450494
1,452,14882731
1,453,40183545
1,454,8255210
1,455,3472936
1,456,3850137
1,457,4313725
1,458,8676319
1,459,4214673
1,460,13237186
1,461,4530465
1,462,4037474
1,463,6628622
1,464,15720637
1,465,24086235
1,466,4415829
1,467,4627298
1,468,3230920
1,469,7317239
1,470,5707253
1,471,4350292
1,472,5223182
1,473,4318728
1,474,3284144
1,475,3834007
1,476,35178487
1,477,7263410
1,478,4440755
1,479,16281346
1,480,5803703
1,481,3916961
1,482,3779295
1,483,5299938
1,484,5589666
1,485,4216141
1,486,5046563
1,487,10637094
1,488,8561550
1,489,3414228
1,490,5625958
1,491,5998495
1,492,4609042
1,493,24263299
1,494,35285005
1,495,19445758
1,496,3916837
1,497,5339867
1,498,6794828
1,499,18020086
1,500,25603739
1,501,20931698
1,502,4569195
1,503,18529337
1,504,36036946
1,505,27621662
1,506,3038762
1,507,13525242
1,508,15852517
1,509,5488451
1,510,4133618
1,511,6711075
1,512,6253236
1,513,3499738
1,514,8761493
1,515,6606622
1,516,7852512
1,517,3292811
1,518,4059920
1,519,6317236
1,520,8471100
1,521,4951442
1,522,3931300
1,523,3056213
1,524,3410062
1,525,3921164
1,526,15846997
1,527,6622556
1,528,5630983
1,529,5150329
1,530,5298958
1,531,4227740
1,532,25957031
1,533,3119687
1,534,3730590
1,535,4646372
1,536,4753431
1,537,59005231
1,538,4148096
1,539,6856231
1,540,7337782
1,541,4003782
1,542,4612914
1,543,5176319
1,544,4845527
1,545,9570271
1,546,5121269
1,547,4593946
1,548,5080302
1,549,4584134
1,550,5274343
1,551,5266671
1,552,4249023
1,553,5620054
1,554,5007096
1,555,4205101
1,556,9215082
1,557,5245548
1,558,4522091
1,559,15878520
1,560,3698394
1,561,15539500
1,562,7063410
1,563,14962519
1,564,14646234
1,565,4127403
1,566,7308541
1,567,6896275
1,568,12027293
1,569,4043394
1,570,4432388
1,571,4181970
1,572,4669221
1,573,4443992
1,574,5719909
1,575,3950847
1,576,4980972
1,577,3094847
1,578,10662912
1,579,4174800
1,580,5050680
1,581,2847386
1,582,10539440
1,583,4456982
1,584,8778314
1,585,3861899
1,586,4169023
1,587,4962861
1,588,5458469
1,589,15733954
1,590,11366272
1,591,14601892
1,592,5380081
1,593,5177632
1,594,2982983
1,595,4284275
1,596,5334937
1,597,4834109
1,598,4014460
1,599,2858274
1,600,7399000
1,601,5899065
1,602,7249837
1,603,7369272
1,604,7435308
1,605,34608402
1,606,4657357
1,607,4692999
1,608,4746565
1,609,4971994
1,610,2852783
1,611,8362521
1,612,3270490
1,613,3578650
1,614,6529411
1,615,4056854
1,616,7267597
1,617,4288167
1,618,3741577
1,619,4832911
1,620,14613683
1,621,4063960
1,622,3026927
1,623,3800144
1,624,6141386
1,625,3992984
1,626,5687271
1,627,5352097
1,628,7497626
1,629,15710795
1,630,4623651
1,631,82614283
1,632,44525932
1,633,93010438
1,634,55877738
1,635,12470026
1,636,12281152
1,637,3578744
1,638,11397489
1,639,12193065
1,640,20054345
1,641,5307577
1,642,3793770
1,643,9571944
1,644,11076701
1,645,7888255
1,646,21956534
1,647,3978111
1,648,4314693
1,649,12466369
1,650,5999218
1,651,3949316
1,652,10830219
1,653,12553543
1,654,8567355
1,655,5271906
1,656,4734255
1,657,6367500
1,658,8197129
1,659,3296267
1,660,14806724
1,661,13184002
1,662,3564123
1,663,5220336
1,664,8163840
1,665,4603232
1,666,12862351
1,667,17491983
1,668,5782002
1,669,4429219
1,670,6343261
1,671,10305850
1,672,4790711
1,673,3440744
1,674,18057025
1,675,4149445
1,676,12855754
1,677,5491149
1,678,15919053
1,679,6328278
1,680,3433407
1,681,7404663
1,682,4689936
1,683,4273818
1,684,2970260
1,685,9753601
1,686,11128720
1,687,5470879
1,688,3445623
1,689,6043942
1,690,4984850
1,691,4855348
1,692,5390565
1,693,4421856
1,694,5411294
1,695,4486269
1,696,5225122
1,697,4546679
1,698,10507615
1,699,4762864
1,700,6688384
1,701,4215704
1,702,6332080
1,703,5593054
1,704,7042941
1,705,21845947
1,706,6849556
1,707,5037285
1,708,17156556
1,709,4264438
1,710,16770521
1,711,6026929
1,712,3321415
1,713,4610622
1,714,5420789
1,715,4353603
1,716,4383102
1,717,4431026
1,718,7374720
1,719,4720066
1,720,4675770
1,721,6336932
1,722,4210106
1,723,4101142
1,724,4100883
1,725,5889145
1,726,5578098
1,727,7257813
1,728,15607619
1,729,11169270
1,730,3088976
1,731,18827734
1,732,4475736
1,733,10524689
1,734,3090121
1,735,3936432
1,736,3271106
1,737,5906199
1,738,7987220
1,739,4686355
1,740,5680100
1,741,18646060
1,742,10679731
1,743,4127535
1,744,4094491
1,745,3428426
1,746,3438816
1,747,3873531
1,748,5030243
1,749,13165265
1,750,5252031
1,751,3368424
1,752,12196916
1,753,9687290
1,754,3058820
1,755,7134481
1,756,4918143
1,757,3511051
1,758,14549100
1,759,75579913
1,760,39470441
1,761,4847190
1,762,20129580
1,763,46995127
1,764,47825749
1,765,23660592
1,766,7249083
1,767,5095621
1,768,59082796
1,769,4283220
1,770,15519346
1,771,3274971
1,772,3450176
1,773,4697133
1,774,4391088
1,775,5838388
1,776,4126748
1,777,5541740
1,778,7300722
1,779,4797188
1,780,7313195
1,781,4078169
1,782,5405203
1,783,5807668
1,784,5154307
1,785,5589291
1,786,8801260
1,787,5564934
1,788,6794248
1,789,6574697
1,790,5995860
1,791,4589344
1,792,6343175
1,793,6673946
1,794,6807796
1,795,5869135
1,796,6041972
1,797,2730577
1,798,11538756
1,799,4136672
1,800,13639432
1,801,5525910
1,802,3691533
1,803,3383243
1,804,9390751
1,805,13163891
1,806,8351793
1,807,14114415
1,808,11392247
1,809,4184208
1,810,9385720
1,811,13040498
1,812,15583972
1,813,38411821
1,814,17384842
1,815,17663403
1,816,9071079
1,817,5015038
1,818,8372137
1,819,6171420
1,820,18044770
1,821,7082447
1,822,2599844
1,823,32583499
1,824,17118645
1,825,3949496
1,826,5226936
1,827,6409517
1,828,5017185
1,829,3868283
1,830,3975707
1,831,7376269
1,832,74665461
1,833,5012610
1,834,7703677
1,835,4869875
1,836,14013538
1,837,5161886
1,838,4787335
1,839,4656816
1,840,4626117
1,841,3629045
1,842,5412833
1,843,3415195
1,844,17571992
1,845,4519286
1,846,14280330
1,847,4945362
1,848,5416426
1,849,5957415
1,850,4134080
1,851,6485430
1,852,8243034
1,853,3987848
1,854,3231540
1,855,3358720
1,856,5069085
1,857,5337759
1,858,7894600
1,859,5660860
1,860,4885725
1,861,5506031
1,862,4899169
1,863,4395919
1,864,4430377
1,865,5170870
1,866,3169684
1,867,3456184
1,868,5330295
1,869,4454935
1,870,5289481
1,871,4069087
1,872,5988737
1,873,3934904
1,874,4587499
1,875,17702085
1,876,4574109
1,877,3749764
1,878,3552099
1,879,9241773
1,880,4445850
1,881,6181039
1,882,3691012
1,883,6942555
1,884,4244407
1,885,6860882
1,886,4539146
1,887,2789356
1,888,5925084
1,889,5866036
1,890,5170444
1,891,5535643
1,892,4652027
1,893,5708987
1,894,14093760
1,895,9149881
1,896,8293136
1,897,5173303
1,898,4082627
1,899,12790648
1,900,11399591
1,901,3037500
1,902,3819385
1,903,10791136
1,904,4265383
1,905,17268415
1,906,7469211
1,907,12235011
1,908,7130852
1,909,3882893
1,910,4075608
1,911,4730298
1,912,14659886
1,913,5640865
1,914,4825648
1,915,23331691
1,916,2868529
1,917,7386475
1,918,2679554
1,919,8801920
1,920,8206144
1,921,2718558
1,922,4118820
1,923,3774650
1,924,3629303
1,925,27690020
1,926,4386329
1,927,4073310
1,928,11402788
1,929,21974682
1,930,4560889
1,931,3565151
1,932,14231421
1,933,5074996
1,934,4187654
1,935,4724654
1,936,5957922
1,937,5590660
1,938,3762459
1,939,4865324
1,940,3386689
1,941,20228758
1,942,5609735
1,943,49861666
1,944,4930301
1,945,13708554
1,946,9094704
1,947,5196066
1,948,5912958
1,949,6453507
1,950,3074001
1,951,4268890
1,952,4343621
1,953,3515244
1,954,6773926
1,955,5555508
1,956,5884547
1,957,4093789
1,958,19648028
1,959,3397565
1,960,4763985
1,961,5170069
1,962,9442546
1,963,19692272
1,964,5047662
1,965,4452240
1,966,4092439
1,967,17855229
1,968,29972105
1,969,3374508
1,970,2613500
1,971,37660753
1,972,8114817
1,973,5638689
1,974,6340216
1,975,2798605
1,976,38407998
1,977,5996738
1,978,3058726
1,979,10261820
1,980,30549399
1,981,13096358
1,982,4674716
1,983,25975924
1,984,6734139
1,985,4089393
1,986,12994101
1,987,7106144
1,988,24725012
1,989,3557444
1,990,3281396
1,991,4809364
1,992,25662974
1,993,5021635
1,994,4881948
1,995,3433131
1,996,7843934
1,997,12229385
1,998,21664602
1,999,4155530
1,1000,4610817
2,1,45434747
2,2,16441941
2,3,5656000
2,4,15904451
2,5,8313607
2,6,4216854
2,7,5281217
2,8,6689460
2,9,21862405
2,10,17874406
2,11,3962176
2,12,6086986
2,13,8554424
2,14,23229164
2,15,4534458
2,16,9377690
2,17,3774745
2,18,13442725
2,19,52056715
2,20,5541148
2,21,3461984
2,22,2590107
2,23,2772943
2,24,2638019
2,25,2634468
2,26,5917606
2,27,6245299
2,28,27716215
2,29,31001204
2,30,28035387
2,31,3803751
2,32,5638247
2,33,6290624
2,34,3315855
2,35,6596133
2,36,8937136
2,37,3479310
2,38,3031934
2,39,3613945
2,40,4083753
2,41,3322961
2,42,4963341
2,43,7634437
2,44,3742285
2,45,4940221
2,46,12602886
2,47,3602902
2,48,4151120
2,49,3937699
2,50,3564417
2,51,3033880
2,52,5106208
2,53,11415145
2,54,3973291
2,55,3798635
2,56,4206514
2,57,8170430
2,58,4729046
2,59,3905654
2,60,4860926
2,61,5024986
2,62,3293976
2,63,6155376
2,64,7956565
2,65,5042499
2,66,3100730
2,67,3211660
2,68,18438781
2,69,3509438
2,70,13959649
2,71,21398643
2,72,5997478
2,73,3668609
2,74,3291747
2,75,4183629
2,76,3970858
2,77,3477686
2,78,7373455
2,79,5131008
2,80,6880658
2,81,3880329
2,82,5729769
2,83,4492292
2,84,6697851
2,85,4435915
2,86,4674567
2,87,5407492
2,88,3643885
2,89,8467570
2,90,7898645
2,91,4819469
2,92,7092365
2,93,7191267
2,94,4821607
2,95,3975671
2,96,5205641
2,97,7410938
2,98,4160948
2,99,14093240
2,100,4217800
2,101,9225367
2,102,4545204
2,103,4253980
2,104,2901918
2,105,50080130
2,106,12629528
2,107,13502816
2,108,11086520
2,109,5288141
2,110,4180710
2,111,3292834
2,112,5215102
2,113,4188653
2,114,3223076
2,115,3529061
2,116,5424516
2,117,4999489
2,118,3770370
2,119,4606598
2,120,11267663
2,121,4338214
2,122,3005667
2,123,3407136
2,124,3089281
2,125,10378455
2,126,15628253
2,127,5614804
2,128,8819195
2,129,7714576
2,130,8331458
2,131,4020547
2,132,13984081
2,133,4491507
2,134,13294087
2,135,5958826
2,136,6922665
2,137,3889839
2,138,5785068
2,139,5122858
2,140,6110402
2,141,7196480
2,142,12684207
2,143,3036866
2,144,23620169
2,145,4797785
2,146,9970811
2,147,9926015
2,148,4908011
2,149,3769302
2,150,4110820
2,151,34507679
2,152,10825671
2,153,3080887
2,154,5680332
2,155,12571527
2,156,15867782
2,157,14387000
2,158,12332992
2,159,4513783
2,160,3084149
2,161,12448613
2,162,7063489
2,163,3639082
2,164,5022161
2,165,3262817
2,166,3470295
2,167,3244182
2,168,6029742
2,169,4643638
2,170,3584990
2,171,5547714
2,172,5383576
2,173,3602402
2,174,11290080
2,175,10221818
2,176,3490101
2,177,16152812
2,178,3316364
2,179,5971412
2,180,9212745
2,181,2994651
2,182,5553698
2,183,8444337
2,184,25540891
2,185,13181244
2,186,12162277
2,187,4546906
2,188,5484685
2,189,5810331
2,190,17815233
2,191,11807053
2,192,8242901
2,193,5648564
2,194,2831056
2,195,12468486
2,196,4798650
2,197,4965736
2,198,4900717
2,199,5515913
2,200,8085814
2,201,23975324
2,202,3575822
2,203,5303629
2,204,4498859
2,205,3963461
2,206,4614929
2,207,4204612
2,208,3311440
2,209,8296385
2,210,3682682
2,211,4590423
2,212,4258316
2,213,27697729
2,214,4567804
2,215,5644413
2,216,5528698
2,217,3137793
2,218,4387519
2,219,5922436
2,220,4302769
2,221,6956852
2,222,5563374
2,223,4337153
2,224,4673161
2,225,4475538
2,226,2890703
2,227,8135937
2,228,4770952
2,229,4417052
2,230,4914059
2,231,4668901
2,232,4617924
2,233,4592013
2,234,2974269
2,235,8741262
2,236,10348350
2,237,9104077
2,238,2865193
2,239,8421194
2,240,4172289
2,241,13450540
2,242,15897021
2,243,3795195
2,244,13021109
2,245,6944067
2,246,25671100
2,247,7267212
2,248,4821614
2,249,4152100
2,250,5129266
2,251,4499562
2,252,5094137
2,253,4874862
2,254,4317225
2,255,4634717
2,256,4472126
2,257,4016851
2,258,3953746
2,259,4025001
2,260,9882444
2,261,9126011
2,262,5998367
2,263,5160899
2,264,6115460
2,265,4990391
2,266,4911506
2,267,3622095
2,268,6662857
2,269,19696001
2,270,4811478
2,271,8472132
2,272,5124103
2,273,4367521
2,274,6500128
2,275,12437086
2,276,5722280
2,277,4627535
2,278,3954273
2,279,8090671
2,280,4545363
2,281,6127709
2,282,5060470
2,283,5095046
2,284,5068911
2,285,4557195
2,286,37783387
2,287,3392210
2,288,3850917
2,289,5490022
2,290,3547732
2,291,4392822
2,292,2698942
2,293,10894734
2,294,26309513
2,295,9751385
2,296,75154075
2,297,12644391
2,298,4798331
2,299,53270104
2,300,27713428
2,301,11022170
2,302,5376046
2,303,5487378
2,304,3865638
2,305,4910753
2,306,7509368
2,307,18018027
2,308,4593354
2,309,4187871
2,310,3388383
2,311,27939929
2,312,5848808
2,313,3637643
2,314,4062105
2,315,4137732
2,316,21527251
2,317,15464785
2,318,4624977
2,319,3434031
2,320,5343553
2,321,3569372
2,322,6198318
2,323,5081518
2,324,5037713
2,325,31726500
2,326,13231260
2,327,29009589
2,328,5631067
2,329,5019058
2,330,4561779
2,331,3652481
2,332,3244854
2,333,6150693
2,334,3559404
2,335,3580953
2,336,4132170
2,337,6570845
2,338,4572294
2,339,4065403
2,340,19338474
2,341,4498782
2,342,3450127
2,343,10242430
2,344,4242535
2,345,3569561
2,346,3497916
2,347,5574600
2,348,3610113
2,349,7018434
2,350,5771545
2,351,3402220
2,352,20040515
2,353,2790333
2,354,17969326
2,355,3024265
2,356,10908826
2,357,3534952
2,358,18980152
2,359,5748142
2,360,7058805
2,361,3008025
2,362,6358821
2,363,3919210
2,364,2829021
2,365,6012627
2,366,6951148
2,367,3745250
2,368,2841971
2,369,5786061
2,370,4532642
2,371,2728183
2,372,10746527
2,373,5677145
2,374,2787575
2,375,10746324
2,376,5722258
2,377,5147198
2,378,3515662
2,379,8616749
2,380,6477899
2,381,6006110
2,382,4454197
2,383,4633958
2,384,5930958
2,385,4955065
2,386,4393081
2,387,18421782
2,388,4448327
2,389,3762972
2,390,12623483
2,391,12325658
2,392,5695976
2,393,26861076
2,394,5725452
2,395,5519511
2,396,3777741
2,397,3157128
2,398,8423410
2,399,6685445
2,400,61040826
2,401,29011887
2,402,14279549
2,403,10741170
2,404,4527286
2,405,2632048
2,406,5073525
2,407,5558618
2,408,4187867
2,409,4281764
2,410,28874790
2,411,6230021
2,412,6003330
2,413,4585903
2,414,5423370
2,415,11572394
2,416,32470003
2,417,13612968
2,418,19927462
2,419,7048725
2,420,5326336
2,421,4280831
2,422,5484640
2,423,9823293
2,424,8679662
2,425,13788885
2,426,7958297
2,427,4766395
2,428,4368812
2,429,5543511
2,430,4712928
2,431,3373389
2,432,3363289
2,433,7047760
2,434,4884096
2,435,5648370
2,436,3972447
2,437,12678540
2,438,4814956
2,439,15808414
2,440,18120311
2,441,10168767
2,442,12584943
2,443,10362661
2,444,15256100
2,445,4288270
2,446,5067844
2,447,3855949
2,448,3493514
2,449,3771178
2,450,4764435
2,451,5112176
2,452,3804133
2,453,7258725
2,454,5563053
2,455,9008111
2,456,21422620
2,457,3608194
2,458,4331584
2,459,5913011
2,460,2838278
2,461,14190303
2,462,4551704
2,463,3549407
2,464,56164927
2,465,4117642
2,466,4434919
2,467,5784535
2,468,4059534
2,469,7476067
2,470,4036001
2,471,3405266
2,472,5412975
2,473,5275950
2,474,4600689
2,475,5579474
2,476,8688475
2,477,3359793
2,478,3429948
2,479,77582992
2,480,53302065
2,481,42164201
2,482,6046057
2,483,6074993
2,484,63075349
2,485,33982427
2,486,15463171
2,487,5257477
2,488,29619336
2,489,6016551
2,490,3900671
2,491,3782691
2,492,4336747
2,493,4805909
2,494,8463467
2,495,23453065
2,496,13614248
2,497,4330724
2,498,4002308
2,499,3952930
2,500,4670748
2,501,4227755
2,502,5071565
2,503,9713860
2,504,4236647
2,505,3795622
2,506,4762689
2,507,2576282
2,508,6136185
2,509,5245358
2,510,4188107
2,511,2753753
2,512,7511935
2,513,4641115
2,514,4868303
2,515,4207079
2,516,2765482
2,517,13897006
2,518,8638579
2,519,5012516
2,520,14428017
2,521,3852704
2,522,6911657
2,523,3627630
2,524,23579196
2,525,5651544
2,526,14403385
2,527,4153994
2,528,19776233
2,529,11874324
2,530,4948902
2,531,5780587
2,532,3523324
2,533,6936902
2,534,2920897
2,535,5210781
2,536,3692121
2,537,7330932
2,538,4672696
2,539,4160056
2,540,3873291
2,541,6050304
2,542,6454857
2,543,7463370
2,544,3620151
2,545,6885304
2,546,4853851
2,547,5565046
2,548,4560202
2,549,5382605
2,550,3999143
2,551,4150267
2,552,3719863
2,553,4490682
2,554,4671967
2,555,8809535
2,556,7074132
2,557,28007771
2,558,19200313
2,559,7800427
2,560,4735337
2,561,3006722
2,562,7508300
2,563,6284432
2,564,9043290
2,565,4033516
2,566,4442457
2,567,2823442
2,568,12309942
2,569,27961038
2,570,6002995
2,571,4550557
2,572,3999259
2,573,3067638
2,574,4558352
2,575,4326764
2,576,3340852
2,577,3633561
2,578,5555845
2,579,12544462
2,580,19130776
2,581,3756097
2,582,6609390
2,583,13158314
2,584,4700852
2,585,3354823
2,586,5090136
2,587,3301540
2,588,7396066
2,589,2883491
2,590,19617248
2,591,6376981
2,592,4443439
2,593,5412068
2,594,37515129
2,595,3719301
2,596,3559354
2,597,5420055
2,598,6081787
2,599,5092689
2,600,31763939
2,601,23831570
2,602,23046892
2,603,5014374
2,604,4410837
2,605,33438476
2,606,7120350
2,607,6748368
2,608,3033098
2,609,22272922
2,610,11582477
2,611,5023638
2,612,6355546
2,613,15253757
2,614,5553377
2,615,3432843
2,616,3674360
2,617,3454815
2,618,5927564
2,619,4784956
2,620,12296229
2,621,4488807
2,622,3340473
2,623,6513995
2,624,3764753
2,625,4207639
2,626,22748903
2,627,4534484
2,628,12057837
2,629,10592565
2,630,4088932
2,631,4455936
2,632,5199675
2,633,4731393
2,634,3953828
2,635,3814610
2,636,5327075
2,637,4439276
2,638,6521184
2,639,6748985
2,640,5321331
2,641,5184110
2,642,4101858
2,643,4378205
2,644,2850097
2,645,8012221
2,646,4937694
2,647,4612350
2,648,5237745
2,649,16497740
2,650,31573577
2,651,5388187
2,652,7420070
2,653,4330834
2,654,22470172
2,655,53968595
2,656,49490608
2,657,37615274
2,658,12259183
2,659,75240343
2,660,68570095
2,661,8106623
2,662,5267992
2,663,28112951
2,664,88486175
2,665,41308792
2,666,21749014
2,667,3405281
2,668,3741266
2,669,2694370
2,670,5400581
2,671,4247154
2,672,4329701
2,673,4766554
2,674,3642312
2,675,4597563
2,676,3557063
2,677,3660768
2,678,3788450
2,679,4171660
2,680,5335035
2,681,6935665
2,682,4252195
2,683,3427453
2,684,4443374
2,685,8904551
2,686,8897453
2,687,6633654
2,688,4806364
2,689,5259447
2,690,6804782
2,691,5410016
2,692,4828182
2,693,3923806
2,694,25511685
2,695,6208516
2,696,14805155
2,697,39368617
2,698,60058306
2,699,44115972
2,700,9005184
2,701,4667800
2,702,4300526
2,703,4972969
2,704,5188258
2,705,6502329
2,706,12126034
2,707,5479376
2,708,4068408
2,709,7551316
2,710,3582926
2,711,4021164
2,712,10438713
2,713,3948309
2,714,4150109
2,715,4869034
2,716,3955770
2,717,2684000
2,718,24172373
2,719,3776753
2,720,6846565
2,721,4043689
2,722,9113567
2,723,5513213
2,724,4754127
2,725,9827987
2,726,2932005
2,727,10053697
2,728,4238693
2,729,5005336
2,730,3753998
2,731,10791176
2,732,4358499
2,733,8249548
2,734,4958321
2,735,4340142
2,736,4258593
2,737,6750127
2,738,6698417
2,739,5343789
2,740,3787206
2,741,5749787
2,742,6926972
2,743,4241840
2,744,6203222
2,745,32236331
2,746,3395571
2,747,4458405
2,748,11142259
2,749,15995092
2,750,9608625
2,751,12863783
2,752,11221118
2,753,3808704
2,754,8823845
2,755,3281714
2,756,4060515
2,757,3634607
2,758,4081125
2,759,3846127
2,760,3724921
2,761,5274796
2,762,5293644
2,763,4131887
2,764,3583326
2,765,4003398
2,766,8195661
2,767,9225798
2,768,4103854
2,769,4835165
2,770,3992846
2,771,3473710
2,772,10829943
2,773,10950762
2,774,4223881
2,775,4030841
2,776,4516795
2,777,2777722
2,778,5451977
2,779,19734314
2,780,5724653
2,781,3834956
2,782,18571364
2,783,29641495
2,784,67481071
2,785,10454643
2,786,5365513
2,787,6166073
2,788,4761761
2,789,17728881
2,790,13593030
2,791,5136867
2,792,5022710
2,793,6136459
2,794,8275359
2,795,6815306
2,796,3990527
2,797,3577851
2,798,5965329
2,799,3661797
2,800,2738928
2,801,5739484
2,802,7447792
2,803,4460399
2,804,4725668
2,805,5547756
2,806,3567667
2,807,5072265
2,808,4083497
2,809,5469672
2,810,9198170
2,811,3367607
2,812,3813074
2,813,11247938
2,814,7666220
2,815,6401148
2,816,5011114
2,817,4112384
2,818,3141961
2,819,4565123
2,820,6434243
2,821,6791584
2,822,4421769
2,823,4808988
2,824,4692975
2,825,4260412
2,826,7471733
2,827,5040879
2,828,13382102
2,829,7110590
2,830,4623005
2,831,34142864
2,832,69541899
2,833,55869617
2,834,63827103
2,835,40106154
2,836,57056227
2,837,19318394
2,838,5105932
2,839,12303428
2,840,3582239
2,841,7470942
2,842,4785161
2,843,15821953
2,844,66940763
2,845,7147010
2,846,3938119
2,847,2631862
2,848,18442783
2,849,2741444
2,850,5803921
2,851,16488578
2,852,7124407
2,853,4502397
2,854,6203277
2,855,3628288
2,856,4080366
2,857,3097230
2,858,3839058
2,859,4151920
2,860,3792687
2,861,3339561
2,862,5450863
2,863,3695734
2,864,17340848
2,865,17838328
2,866,3466840
2,867,3348082
2,868,4595709
2,869,5949357
2,870,5600821
2,871,3504747
2,872,4258175
2,873,3577626
2,874,3756002
2,875,5042053
2,876,4205706
2,877,4329820
2,878,6040840
2,879,3977162
2,880,5403664
2,881,3747236
2,882,5010030
2,883,5724220
2,884,4038865
2,885,2607514
2,886,8116560
2,887,4047988
2,888,4124634
2,889,4408163
2,890,17273019
2,891,6724283
2,892,3655388
2,893,3251193
2,894,10403747
2,895,4230433
2,896,8027197
2,897,4043802
2,898,4267185
2,899,4488562
2,900,3709186
2,901,7040917
2,902,5261511
2,903,4004190
2,904,2711506
2,905,7515334
2,906,3320708
2,907,6487303
2,908,8791535
2,909,4408070
2,910,6771191
2,911,4675578
2,912,19187640
2,913,3489485
2,914,20740306
2,915,9128023
2,916,20828673
2,917,6043268
2,918,10004234
2,919,4731346
2,920,6412243
2,921,5714720
2,922,5685493
2,923,5032944
2,924,3859586
2,925,4014833
2,926,20558570
2,927,5075573
2,928,3984428
2,929,8058987
2,930,4022232
2,931,3771138
2,932,4192528
2,933,3950745
2,934,4056409
2,935,3738985
2,936,3948439
2,937,3799183
2,938,3094153
2,939,3332181
2,940,4641383
2,941,3933644
2,942,4068958
2,943,7442677
2,944,5125887
2,945,3653117
2,946,3424617
2,947,3273068
2,948,4424941
2,949,20896614
2,950,6170968
2,951,6321824
2,952,5776218
2,953,4979409
2,954,3439304
2,955,5614361
2,956,4554415
2,957,4009749
2,958,6803911
2,959,3988168
2,960,3900984
2,961,4998899
2,962,4283458
2,963,5414382
2,964,2685639
2,965,5985114
2,966,27305238
2,967,2663813
2,968,3586945
2,969,5908729
2,970,4947596
2,971,8250619
2,972,5477950
2,973,6640094
2,974,3451753
2,975,5567857
2,976,6808645
2,977,3294558
2,978,3909215
2,979,12557195
2,980,4566078
2,981,4967782
2,982,3009004
2,983,5938919
2,984,4066253
2,985,4707218
2,986,6756934
2,987,2893432
2,988,11552207
2,989,4484601
2,990,5058199
2,991,7258697
2,992,4007203
2,993,4060427
2,994,6035540
2,995,17111048
2,996,58952279
2,997,38933230
2,998,26004690
2,999,15701139
2,1000,3811581
3,1,19331274
3,2,20531969
3,3,3202497
3,4,6432918
3,5,26225276
3,6,3117420
3,7,2869031
3,8,3709704
3,9,4717160
3,10,2877142
3,11,2934978
3,12,2710664
3,13,2922052
3,14,4325125
3,15,2972432
3,16,2716918
3,17,2717507
3,18,2720364
3,19,63504481
3,20,3954764
3,21,3372908
3,22,5596925
3,23,4014182
3,24,3161747
3,25,3212121
3,26,12177843
3,27,5541346
3,28,3921084
3,29,6511150
3,30,4051222
3,31,3061532
3,32,3265077
3,33,3224671
3,34,14478906
3,35,2959458
3,36,2744984
3,37,14457887
3,38,7878578
3,39,3218391
3,40,11227665
3,41,4085537
3,42,3404689
3,43,3308502
3,44,6460550
3,45,4702557
3,46,3094560
3,47,3199421
3,48,6310768
3,49,6048788
3,50,3077962
3,51,2993852
3,52,3013318
3,53,4749045
3,54,3849081
3,55,4769351
3,56,3329639
3,57,3174951
3,58,6992871
3,59,4780107
3,60,3609737
3,61,2953634
3,62,5702734
3,63,9954647
3,64,6791434
3,65,5209277
3,66,18863696
3,67,5630625
3,68,6873053
3,69,3618537
3,70,9952933
3,71,4100631
3,72,3856226
3,73,2910950
3,74,14205052
3,75,3515201
3,76,7757659
3,77,4880517
3,78,5816687
3,79,14665653
3,80,3747001
3,81,3132022
3,82,2890394
3,83,13627204
3,84,2890702
3,85,2822867
3,86,5753819
3,87,4494519
3,88,4617972
3,89,13507091
3,90,26250446
3,91,4622667
3,92,3049890
3,93,5767125
3,94,3740020
3,95,4480261
3,96,3898530
3,97,6081779
3,98,4292811
3,99,4254906
3,100,2950254
3,101,5102884
3,102,3417424
3,103,3711426
3,104,13443518
3,105,7622683
3,106,6103310
3,107,3714569
3,108,11934739
3,109,3261007
3,110,3565975
3,111,2981842
3,112,6217135
3,113,4126551
3,114,6893523
3,115,6481400
3,116,3965956
3,117,8901587
3,118,6788095
3,119,18269224
3,120,5630137
3,121,6643773
3,122,3555045
3,123,8622014
3,124,13088862
3,125,6525023
3,126,6567914
3,127,4519598
3,128,8687785
3,129,3662596
3,130,6373126
3,131,4178095
3,132,8876871
3,133,7940524
3,134,11122069
3,135,12029515
3,136,12818681
3,137,5687021
3,138,3392532
3,139,3297499
3,140,22087527
3,141,4604926
3,142,5637365
3,143,8865016
3,144,7388111
3,145,5874746
3,146,4141967
3,147,5144556
3,148,5954811
3,149,4778436
3,150,4508736
3,151,4244237
3,152,4435397
3,153,4302908
3,154,10037996
3,155,5344604
3,156,4499388
3,157,6871959
3,158,4498410
3,159,67147139
3,160,11652187
3,161,4990834
3,162,62937431
3,163,63991950
3,164,36413749
3,165,4851526
3,166,5589144
3,167,20140849
3,168,9224448
3,169,13509903
3,170,8158134
3,171,4251742
3,172,2857294
3,173,6338562
3,174,4957252
3,175,30731854
3,176,4719703
3,177,5555191
3,178,3599875
3,179,11424669
3,180,5454308
3,181,5763659
3,182,7404274
3,183,5994971
3,184,3765170
3,185,4968168
3,186,4115052
3,187,3881374
3,188,4889876
3,189,5073200
3,190,4099089
3,191,3408920
3,192,3221952
3,193,3739865
3,194,4828213
3,195,6748800
3,196,4111531
3,197,5477723
3,198,4500554
3,199,3629258
3,200,5506860
3,201,4446510
3,202,5535204
3,203,3664195
3,204,14287327
3,205,3380319
3,206,4332037
3,207,5582160
3,208,17770711
3,209,61732051
3,210,5304500
3,211,3306164
3,212,3485024
3,213,6601821
3,214,5414101
3,215,4333457
3,216,4700278
3,217,3857700
3,218,6724447
3,219,9709251
3,220,2840549
3,221,6195407
3,222,6629765
3,223,6259700
3,224,6028547
3,225,2628086
3,226,9473421
3,227,10129071
3,228,4390292
3,229,4616489
3,230,4849611
3,231,3431880
3,232,7340280
3,233,4352205
3,234,3471436
3,235,20574521
3,236,5267016
3,237,6831080
3,238,3900708
3,239,25995625
3,240,4632183
3,241,4262389
3,242,3989070
3,243,11186149
3,244,9836830
3,245,4133174
3,246,6711493
3,247,3339927
3,248,4113774
3,249,4216658
3,250,4104303
3,251,4753813
3,252,5454669
3,253,6089350
3,254,5458685
3,255,68137836
3,256,38823819
3,257,7177378
3,258,3815081
3,259,25112863
3,260,20696756
3,261,15660345
3,262,5485474
3,263,4468583
3,264,4497000
3,265,6724066
3,266,3882161
3,267,6751853
3,268,3976360
3,269,4272059
3,270,4194823
3,271,3396017
3,272,3005048
3,273,8447716
3,274,4405895
3,275,5483031
3,276,20030130
3,277,3847527
3,278,6946888
3,279,5034302
3,280,4991223
3,281,4086687
3,282,4459719
3,283,5917721
3,284,4106861
3,285,6509681
3,286,11115283
3,287,6093522
3,288,5251568
3,289,16185221
3,290,3947976
3,291,4052300
3,292,4201340
3,293,4341697
3,294,17368719
3,295,47265554
3,296,12283178
3,297,48651568
3,298,71953305
3,299,25328286
3,300,5793194
3,301,6362878
3,302,3615981
3,303,3809566
3,304,6881083
3,305,5406507
3,306,4001793
3,307,4513851
3,308,12560359
3,309,6057169
3,310,3218471
3,311,11260633
3,312,3963233
3,313,4543620
3,314,19282233
3,315,40113384
3,316,19130020
3,317,6127195
3,318,59093568
3,319,52190293
3,320,29959513
3,321,71983444
3,322,29164857
3,323,4996271
3,324,3032449
3,325,2493425
3,326,17960016
3,327,5567730
3,328,7507737
3,329,3535642
3,330,4671167
3,331,3822434
3,332,4236148
3,333,3792344
3,334,6451191
3,335,21248748
3,336,5277461
3,337,4259409
3,338,5054271
3,339,4177771
3,340,4223824
3,341,6768481
3,342,4013904
3,343,9318665
3,344,23018120
3,345,5514167
3,346,10778471
3,347,9787828
3,348,3967389
3,349,4898978
3,350,3305430
3,351,5654847
3,352,8119774
3,353,3593955
3,354,3674766
3,355,3112571
3,356,9759072
3,357,4054015
3,358,4517087
3,359,4952477
3,360,5027148
3,361,9863079
3,362,5457393
3,363,3374651
3,364,3449457
3,365,4213462
3,366,5608854
3,367,5121686
3,368,4705636
3,369,6350316
3,370,4340364
3,371,3369070
3,372,3536073
3,373,15328062
3,374,22014532
3,375,8745121
3,376,4431722
3,377,4295694
3,378,14023297
3,379,4505086
3,380,4640780
3,381,4268607
3,382,5504011
3,383,6094168
3,384,11520773
3,385,15468675
3,386,19903684
3,387,32917910
3,388,3998621
3,389,3124969
3,390,4276760
3,391,28214531
3,392,3364490
3,393,4383614
3,394,3017619
3,395,3519424
3,396,3661593
3,397,4059682
3,398,8203957
3,399,3135241
3,400,4417559
3,401,4462424
3,402,5871534
3,403,3617869
3,404,4047390
3,405,6516944
3,406,3902103
3,407,5597050
3,408,3261420
3,409,12344837
3,410,4117228
3,411,6732333
3,412,10902732
3,413,3993839
3,414,2867696
3,415,4675158
3,416,6287218
3,417,12128867
3,418,4674333
3,419,3504648
3,420,4915744
3,421,13824654
3,422,3363430
3,423,2766280
3,424,33103501
3,425,4408721
3,426,6257516
3,427,24971630
3,428,6030495
3,429,27649836
3,430,4625905
3,431,3481229
3,432,4169639
3,433,3554647
3,434,4634458
3,435,3746688
3,436,3714308
3,437,5514839
3,438,4983147
3,439,4224630
3,440,4690352
3,441,4667994
3,442,4356495
3,443,4094538
3,444,5641059
3,445,18317081
3,446,23558031
3,447,12077109
3,448,6762466
3,449,3906658
3,450,3049518
3,451,4638100
3,452,6335871
3,453,3786370
3,454,3717566
3,455,10144290
3,456,8477879
3,457,5240698
3,458,7257862
3,459,28066928
3,460,3581770
3,461,4497265
3,462,57636146
3,463,29655152
3,464,47079286
3,465,44584838
3,466,26943444
3,467,8361890
3,468,8042499
3,469,19358277
3,470,5422761
3,471,7823452
3,472,8487308
3,473,7826542
3,474,32014313
3,475,5843062
3,476,4578140
3,477,4855993
3,478,2874404
3,479,5481229
3,480,8525604
3,481,3707298
3,482,4851321
3,483,4592950
3,484,2919977
3,485,6859146
3,486,4700081
3,487,9218945
3,488,4527339
3,489,5020557
3,490,6288056
3,491,4273801
3,492,2912248
3,493,14152013
3,494,4082133
3,495,3023187
3,496,4858505
3,497,3583908
3,498,2697725
3,499,36270966
3,500,12891055
3,501,4274284
3,502,7474166
3,503,4478174
3,504,8108883
3,505,4171744
3,506,3129151
3,507,6886745
3,508,4561131
3,509,5052246
3,510,11128003
3,511,11768284
3,512,15721287
3,513,20072818
3,514,22700276
3,515,7697875
3,516,13253615
3,517,7959003
3,518,4077763
3,519,7014638
3,520,4236514
3,521,4919248
3,522,5748335
3,523,6120470
3,524,4032267
3,525,3812380
3,526,5896252
3,527,5747509
3,528,3743455
3,529,3154927
3,530,6079475
3,531,20723476
3,532,3484206
3,533,4386524
3,534,4187709
3,535,4132578
3,536,11801301
3,537,8268423
3,538,3126963
3,539,3568353
3,540,7283005
3,541,5247067
3,542,5346722
3,543,3885987
3,544,21022627
3,545,4189194
3,546,9321319
3,547,3827714
3,548,4119775
3,549,19881046
3,550,5687860
3,551,3966198
3,552,4377517
3,553,3748428
3,554,3260151
3,555,5296521
3,556,4335459
3,557,6341996
3,558,5243075
3,559,3492866
3,560,5554378
3,561,3340021
3,562,4103396
3,563,3046023
3,564,4865265
3,565,4642682
3,566,4329342
3,567,8551181
3,568,3842092
3,569,17126958
3,570,3319183
3,571,4195696
3,572,6831159
3,573,4246645
3,574,4663094
3,575,4993013
3,576,9221553
3,577,9939799
3,578,6828404
3,579,3606705
3,580,15212745
3,581,3466883
3,582,21483683
3,583,5351043
3,584,15372505
3,585,3553319
3,586,9329882
3,587,4250819
3,588,2876878
3,589,6517768
3,590,5317051
3,591,6246290
3,592,4754426
3,593,4146649
3,594,6147890
3,595,4801369
3,596,5919373
3,597,4918456
3,598,4364985
3,599,17479239
3,600,4242589
3,601,20651905
3,602,4222110
3,603,4772003
3,604,13699088
3,605,5752036
3,606,6705642
3,607,69703315
3,608,49764392
3,609,43739832
3,610,41699216
3,611,31509024
3,612,41215891
3,613,58244492
3,614,10097338
3,615,6013786
3,616,4175591
3,617,7718109
3,618,4057142
3,619,4172952
3,620,3511706
3,621,5026430
3,622,4142218
3,623,4141027
3,624,4150271
3,625,3704745
3,626,6291785
3,627,24064295
3,628,3922737
3,629,17413797
3,630,4225219
3,631,7415114
3,632,3131532
3,633,3894432
3,634,4064874
3,635,19737514
3,636,8948018
3,637,5956747
3,638,4052444
3,639,3733125
3,640,5018984
3,641,4636285
3,642,4481187
3,643,3853546
3,644,4249637
3,645,13980612
3,646,4712225
3,647,16310744
3,648,6423013
3,649,5451412
3,650,5175051
3,651,3227091
3,652,4058536
3,653,6655697
3,654,4486982
3,655,3236273
3,656,11258819
3,657,4953800
3,658,3932991
3,659,2897606
3,660,7255757
3,661,3974064
3,662,6804405
3,663,2914564
3,664,4804759
3,665,4744932
3,666,5044399
3,667,4199096
3,668,6294661
3,669,5593502
3,670,15316162
3,671,3809565
3,672,3715620
3,673,4338169
3,674,11395124
3,675,24550418
3,676,6549965
3,677,18314791
3,678,53648329
3,679,24177317
3,680,22301928
3,681,27009611
3,682,22938016
3,683,8466562
3,684,4450583
3,685,9664600
3,686,7224728
3,687,12929454
3,688,4067851
3,689,3360628
3,690,4416369
3,691,4185376
3,692,3424529
3,693,3668682
3,694,7028611
3,695,4409445
3,696,4243802
3,697,4087538
3,698,4272786
3,699,8255557
3,700,3746824
3,701,8503946
3,702,9701185
3,703,4621224
3,704,4269157
3,705,3814464
3,706,4821750
3,707,4555015
3,708,4608987
3,709,3015636
3,710,7233568
3,711,3774428
3,712,4890877
3,713,30491754
3,714,18582668
3,715,4037374
3,716,4342119
3,717,17900055
3,718,10726450
3,719,5741114
3,720,5656550
3,721,7135150
3,722,4539056
3,723,4532325
3,724,8095917
3,725,5434219
3,726,2752647
3,727,3845016
3,728,5355365
3,729,2951581
3,730,4909549
3,731,8061870
3,732,3333037
3,733,4462003
3,734,9321613
3,735,5392815
3,736,4201151
3,737,3449718
3,738,6398300
3,739,5294108
3,740,4739330
3,741,4221326
3,742,3908667
3,743,7583782
3,744,2847337
3,745,4477429
3,746,5588466
3,747,6133203
3,748,5321252
3,749,16147046
3,750,5565591
3,751,5052398
3,752,4562517
3,753,6318214
3,754,4668546
3,755,12633391
3,756,5656484
3,757,4798235
3,758,4533348
3,759,6122151
3,760,7199762
3,761,3657171
3,762,4461602
3,763,4002475
3,764,4130205
3,765,4873619
3,766,10376352
3,767,9834987
3,768,4390111
3,769,3716671
3,770,13894727
3,771,4625366
3,772,4315686
3,773,4146926
3,774,3849294
3,775,4415310
3,776,3777345
3,777,6240867
3,778,4424702
3,779,4034114
3,780,5603650
3,781,4052527
3,782,4125718
3,783,5697587
3,784,4308030
3,785,6547536
3,786,3736795
3,787,4955805
3,788,5989824
3,789,4498179
3,790,8321997
3,791,4637145
3,792,4285821
3,793,6143025
3,794,5080937
3,795,3942310
3,796,19842803
3,797,9677351
3,798,6106306
3,799,16858085
3,800,3992078
3,801,8273319
3,802,4339102
3,803,3957880
3,804,13037097
3,805,8445759
3,806,3714624
3,807,4409820
3,808,3517453
3,809,3617351
3,810,3998149
3,811,2896100
3,812,3603320
3,813,2926112
3,814,7254742
3,815,6073473
3,816,2994504
3,817,17174971
3,818,18402258
3,819,3362850
3,820,4235454
3,821,7755760
3,822,8405055
3,823,3792040
3,824,2470132
3,825,18586810
3,826,4416865
3,827,3488790
3,828,4163836
3,829,5826555
3,830,5085689
3,831,12019254
3,832,15338044
3,833,5297497
3,834,4695761
3,835,3622056
3,836,4672972
3,837,4085365
3,838,4559000
3,839,4425489
3,840,4006379
3,841,3745563
3,842,60294080
3,843,9049769
3,844,5029500
3,845,5159543
3,846,4125642
3,847,5017497
3,848,5751978
3,849,5056774
3,850,4486108
3,851,3586802
3,852,14410076
3,853,24296034
3,854,4184304
3,855,12968047
3,856,6259076
3,857,10459423
3,858,5856535
3,859,6178732
3,860,4732282
3,861,3470991
3,862,4307596
3,863,4994956
3,864,6612642
3,865,4109630
3,866,13770216
3,867,7398579
3,868,3221634
3,869,7412239
3,870,4440596
3,871,2883927
3,872,3879893
3,873,4705022
3,874,4348863
3,875,4458036
3,876,4225152
3,877,3440077
3,878,5061946
3,879,4421365
3,880,7311318
3,881,6887814
3,882,4883071
3,883,17427654
3,884,22727740
3,885,4162599
3,886,2926384
3,887,13280249
3,888,22049040
3,889,4745876
3,890,3793566
3,891,4361689
3,892,4724175
3,893,3199077
3,894,3652480
3,895,3518111
3,896,4124411
3,897,7682150
3,898,3454033
3,899,3165196
3,900,3283957
3,901,3763591
3,902,3855118
3,903,3253254
3,904,4814074
3,905,4177777
3,906,4135034
3,907,5789432
3,908,7358062
3,909,4417090
3,910,3197030
3,911,6593774
3,912,5256333
3,913,3595332
3,914,5114431
3,915,3983649
3,916,5758670
3,917,4014878
3,918,4520623
3,919,4534095
3,920,3320002
3,921,5356624
3,922,2707805
3,923,4629932
3,924,7162118
3,925,7252010
3,926,6454033
3,927,4430084
3,928,4261642
3,929,6953489
3,930,5976434
3,931,4400356
3,932,3375562
3,933,3545140
3,934,9433744
3,935,11533488
3,936,3762469
3,937,6299829
3,938,25576676
3,939,4122813
3,940,13340783
3,941,4132550
3,942,23842353
3,943,14482801
3,944,4023481
3,945,3845861
3,946,18077293
3,947,4503028
3,948,4818940
3,949,5150918
3,950,5166461
3,951,3666162
3,952,3473997
3,953,19652394
3,954,6316552
3,955,6593310
3,956,4216571
3,957,3644030
3,958,4141742
3,959,3645194
3,960,5806062
3,961,3743032
3,962,4894791
3,963,6349772
3,964,3472149
3,965,2848942
3,966,3893688
3,967,3991257
3,968,3090636
3,969,19938538
3,970,4424733
3,971,4051081
3,972,18845740
3,973,2736207
3,974,24622548
3,975,4473399
3,976,4687706
3,977,4183688
3,978,3817697
3,979,4881777
3,980,4164967
3,981,9801727
3,982,7147287
3,983,6153437
3,984,4522926
3,985,3291716
3,986,5081394
3,987,10914772
3,988,6254614
3,989,5119016
3,990,4966587
3,991,4801051
3,992,6772324
3,993,3459602
3,994,5343594
3,995,6723683
3,996,9411095
3,997,6795235
3,998,7831774
3,999,2788538
3,1000,11439565
4,1,118688103
4,2,5901490
4,3,8177214
4,4,6321498
4,5,2784145
4,6,3241315
4,7,2624358
4,8,2642492
4,9,12934102
4,10,4325104
4,11,3024879
4,12,3492637
4,13,64083350
4,14,16058792
4,15,37211757
4,16,12080581
4,17,2865442
4,18,3860717
4,19,4988063
4,20,3703667
4,21,3565735
4,22,20365451
4,23,4133576
4,24,20550937
4,25,29384227
4,26,40848559
4,27,6395170
4,28,4115152
4,29,4051832
4,30,2902314
4,31,23145902
4,32,5295668
4,33,3445330
4,34,3279270
4,35,3674878
4,36,2943365
4,37,2959220
4,38,42269160
4,39,14724729
4,40,2616635
4,41,5343897
4,42,4040424
4,43,3145394
4,44,3313963
4,45,3319264
4,46,3305636
4,47,5559485
4,48,4260859
4,49,3248784
4,50,3209225
4,51,3774652
4,52,3444240
4,53,5434466
4,54,24303307
4,55,3869765
4,56,8747736
4,57,3945731
4,58,7722790
4,59,5106018
4,60,4918349
4,61,5274490
4,62,16919951
4,63,13534424
4,64,3080672
4,65,5732637
4,66,2769623
4,67,3744864
4,68,10678201
4,69,3859379
4,70,2709103
4,71,2820299
4,72,5359956
4,73,6788245
4,74,2734839
4,75,3044910
4,76,4774790
4,77,8559667
4,78,4942310
4,79,4590897
4,80,9848540
4,81,2939330
4,82,4225982
4,83,5594727
4,84,4544482
4,85,5739825
4,86,3013801
4,87,20216915
4,88,6611592
4,89,5933792
4,90,4471412
4,91,2690654
4,92,3736454
4,93,11731151
4,94,4449240
4,95,12454305
4,96,4190653
4,97,4027515
4,98,6389330
4,99,3859559
4,100,4597896
4,101,6962978
4,102,35287377
4,103,8223534
4,104,14442058
4,105,9376570
4,106,5915927
4,107,3455723
4,108,26585318
4,109,20211772
4,110,24684038
4,111,5991433
4,112,9006462
4,113,3942483
4,114,8660319
4,115,6868659
4,116,8610694
4,117,4242270
4,118,22128968
4,119,4122768
4,120,13588399
4,121,4632401
4,122,22404359
4,123,3096522
4,124,5100453
4,125,4635057
4,126,7940384
4,127,3798927
4,128,4566277
4,129,6322446
4,130,4091510
4,131,5832606
4,132,6209789
4,133,13126401
4,134,3097788
4,135,3664987
4,136,3815240
4,137,6433953
4,138,3881369
4,139,21613717
4,140,3217076
4,141,4993542
4,142,18263594
4,143,14623237
4,144,3329662
4,145,8657446
4,146,5389976
4,147,7055289
4,148,4585181
4,149,3477546
4,150,2852140
4,151,5978397
4,152,3062666
4,153,3818277
4,154,4617318
4,155,4455509
4,156,4730811
4,157,4803572
4,158,8650070
4,159,5555514
4,160,4570946
4,161,5447552
4,162,4082852
4,163,11434711
4,164,6026684
4,165,4899433
4,166,12236218
4,167,5343621
4,168,4986109
4,169,3024152
4,170,10925198
4,171,4866149
4,172,5838512
4,173,15473018
4,174,4828963
4,175,4332792
4,176,4439769
4,177,4240426
4,178,3548099
4,179,3848894
4,180,12728751
4,181,6608653
4,182,6055545
4,183,12602174
4,184,4604730
4,185,5021031
4,186,3478415
4,187,5252527
4,188,4304560
4,189,9104867
4,190,7196356
4,191,5542414
4,192,3866792
4,193,13719551
4,194,4826601
4,195,27821163
4,196,4496344
4,197,19418946
4,198,7811636
4,199,6268027
4,200,11633836
4,201,3871697
4,202,3762643
4,203,2842873
4,204,8354139
4,205,4699513
4,206,4774093
4,207,3310658
4,208,31605041
4,209,11945446
4,210,6389047
4,211,3212480
4,212,11524074
4,213,7489001
4,214,2662280
4,215,5869818
4,216,18139662
4,217,3196372
4,218,7921845
4,219,6153701
4,220,4579471
4,221,2680797
4,222,4259691
4,223,5311984
4,224,16961883
4,225,9884727
4,226,6744419
4,227,17074477
4,228,3056080
4,229,5210163
4,230,4148214
4,231,3357158
4,232,3405732
4,233,10149304
4,234,6586892
4,235,4713813
4,236,4384493
4,237,2948452
4,238,2961361
4,239,2872236
4,240,5299399
4,241,13441427
4,242,4273298
4,243,2889374
4,244,3349249
4,245,4893565
4,246,5824490
4,247,5240689
4,248,4427164
4,249,3760022
4,250,3658562
4,251,3394759
4,252,7017198
4,253,4374789
4,254,28098521
4,255,10055718
4,256,5107306
4,257,9034157
4,258,3261047
4,259,4560717
4,260,3313658
4,261,3337794
4,262,5499530
4,263,3428867
4,264,6724556
4,265,6097397
4,266,7265722
4,267,7556451
4,268,60192570
4,269,5130162
4,270,7153914
4,271,5268986
4,272,16905235
4,273,61508216
4,274,4219668
4,275,4227384
4,276,7937330
4,277,4658743
4,278,10137536
4,279,10696208
4,280,9395349
4,281,6177842
4,282,4802507
4,283,4448438
4,284,5780149
4,285,3515045
4,286,4844010
4,287,17246940
4,288,2958402
4,289,4496510
4,290,4257992
4,291,5704668
4,292,4279838
4,293,3726263
4,294,2930551
4,295,7937692
4,296,9474017
4,297,5518265
4,298,6829251
4,299,5051687
4,300,7397886
4,301,6056450
4,302,3431790
4,303,8121823
4,304,3984004
4,305,3456901
4,306,6368294
4,307,3891040
4,308,4490711
4,309,17649906
4,310,4357695
4,311,13997621
4,312,4842074
4,313,4926446
4,314,2775806
4,315,8185884
4,316,4354196
4,317,3602830
4,318,3717867
4,319,6665788
4,320,6313670
4,321,4318310
4,322,2807373
4,323,18784232
4,324,3121830
4,325,15176856
4,326,4542221
4,327,8790669
4,328,3960767
4,329,4957292
4,330,9603218
4,331,3775554
4,332,4174395
4,333,3334947
4,334,11093073
4,335,3124301
4,336,3948319
4,337,2694132
4,338,9153612
4,339,3484967
4,340,2508701
4,341,6254251
4,342,3212212
4,343,8344779
4,344,2785079
4,345,5023012
4,346,5342176
4,347,6167159
4,348,3305546
4,349,3507698
4,350,7959827
4,351,3895400
4,352,6142147
4,353,3816879
4,354,7011746
4,355,2685101
4,356,13479169
4,357,6990637
4,358,5205191
4,359,2833399
4,360,7802494
4,361,5554263
4,362,2976895
4,363,26286511
4,364,20629486
4,365,10399780
4,366,5527713
4,367,11688528
4,368,3949594
4,369,15106803
4,370,7444633
4,371,5079481
4,372,8959751
4,373,4053934
4,374,3474570
4,375,8229332
4,376,8905088
4,377,5756658
4,378,5016394
4,379,2899983
4,380,5028882
4,381,4696059
4,382,3705613
4,383,4958345
4,384,3914605
4,385,5294727
4,386,6139292
4,387,4195697
4,388,9032305
4,389,5030518
4,390,5211020
4,391,8831014
4,392,4299008
4,393,2948297
4,394,18035636
4,395,4871658
4,396,12902893
4,397,5926664
4,398,2555039
4,399,4540732
4,400,14849794
4,401,12790095
4,402,3423957
4,403,2959742
4,404,4595788
4,405,20334203
4,406,4465856
4,407,8155260
4,408,3992967
4,409,4708788
4,410,6582243
4,411,4701024
4,412,20106086
4,413,6527816
4,414,3977737
4,415,3091391
4,416,2997573
4,417,9350003
4,418,5541674
4,419,4206958
4,420,2462937
4,421,4223596
4,422,4115453
4,423,6395988
4,424,4598852
4,425,5425049
4,426,3704652
4,427,4065060
4,428,3193473
4,429,7817537
4,430,4265980
4,431,4150580
4,432,5951896
4,433,15931056
4,434,4249189
4,435,5762841
4,436,4002803
4,437,6675517
4,438,10100548
4,439,7464435
4,440,6451804
4,441,4725122
4,442,4496726
4,443,6367412
4,444,4923001
4,445,5661338
4,446,7445531
4,447,3759094
4,448,6281750
4,449,36388658
4,450,7538914
4,451,9182501
4,452,6975296
4,453,3939550
4,454,3565404
4,455,28684944
4,456,3573647
4,457,3924022
4,458,3252333
4,459,4679061
4,460,3347234
4,461,9034931
4,462,3772809
4,463,5972819
4,464,11188425
4,465,3497016
4,466,3510306
4,467,3655392
4,468,3296615
4,469,4357633
4,470,6240428
4,471,10855150
4,472,5430440
4,473,3353073
4,474,3686031
4,475,5077733
4,476,4008688
4,477,11303432
4,478,4921234
4,479,15952985
4,480,4073471
4,481,15923650
4,482,4278045
4,483,4286005
4,484,6395627
4,485,3110108
4,486,5017296
4,487,14103785
4,488,3042759
4,489,3131253
4,490,7233799
4,491,5983257
4,492,3875073
4,493,3757348
4,494,6209364
4,495,9049312
4,496,4625809
4,497,12685622
4,498,3119746
4,499,7350672
4,500,5152973
4,501,3478700
4,502,2849885
4,503,14449075
4,504,6150424
4,505,3720423
4,506,4871015
4,507,4495730
4,508,3790306
4,509,8026536
4,510,3969930
4,511,4310662
4,512,16143473
4,513,6058343
4,514,4059578
4,515,5757106
4,516,15191745
4,517,3690757
4,518,6335740
4,519,5035348
4,520,6795626
4,521,4704139
4,522,3936235
4,523,4805502
4,524,4999710
4,525,3650558
4,526,5519869
4,527,5457955
4,528,4511370
4,529,4290728
4,530,5241445
4,531,4397027
4,532,2947067
4,533,5699425
4,534,10433532
4,535,37847098
4,536,18377029
4,537,3428324
4,538,5458609
4,539,4169358
4,540,2607156
4,541,7203325
4,542,6593834
4,543,3567160
4,544,6517503
4,545,4139242
4,546,9011250
4,547,3690335
4,548,2634165
4,549,11926559
4,550,3411425
4,551,11400672
4,552,4463091
4,553,3372497
4,554,5135129
4,555,4101681
4,556,3453418
4,557,6304025
4,558,4150104
4,559,4575597
4,560,4387536
4,561,3742231
4,562,4148882
4,563,5469039
4,564,16875871
4,565,3348823
4,566,9209354
4,567,10251127
4,568,5310280
4,569,4620041
4,570,3908133
4,571,3047365
4,572,10942759
4,573,4160499
4,574,3642883
4,575,2977000
4,576,5558267
4,577,5778673
4,578,7989235
4,579,3946718
4,580,8201535
4,581,3701698
4,582,3655391
4,583,4792706
4,584,3397391
4,585,2915499
4,586,4030690
4,587,4165247
4,588,13854168
4,589,7136517
4,590,5205859
4,591,4924341
4,592,3246661
4,593,3853721
4,594,5058329
4,595,3596591
4,596,6437477
4,597,5971068
4,598,9565091
4,599,3211869
4,600,3964565
4,601,6706155
4,602,7453731
4,603,16925533
4,604,5881249
4,605,3508577
4,606,7860646
4,607,11830105
4,608,3215267
4,609,3651379
4,610,3800853
4,611,3967036
4,612,5368879
4,613,4206384
4,614,4304794
4,615,3374523
4,616,10060733
4,617,7167395
4,618,4143274
4,619,9501873
4,620,8888969
4,621,15085224
4,622,4461033
4,623,4969201
4,624,4457495
4,625,8916546
4,626,4820461
4,627,4901465
4,628,10006273
4,629,6077432
4,630,5949792
4,631,5903508
4,632,57744219
4,633,7534751
4,634,3373682
4,635,7266151
4,636,9399095
4,637,20649745
4,638,40838746
4,639,14371902
4,640,5162733
4,641,3343393
4,642,16529029
4,643,6307372
4,644,4237546
4,645,2836058
4,646,10984791
4,647,6500012
4,648,4398373
4,649,21192077
4,650,7662197
4,651,4020611
4,652,8173886
4,653,11912152
4,654,3808881
4,655,3808031
4,656,3559917
4,657,4815430
4,658,15240684
4,659,5186367
4,660,5610730
4,661,3844105
4,662,4057776
4,663,6330098
4,664,3802533
4,665,4556381
4,666,5329912
4,667,4266580
4,668,3212470
4,669,3484648
4,670,3851183
4,671,3734773
4,672,6758444
4,673,4396486
4,674,4038672
4,675,3517421
4,676,3509154
4,677,5442242
4,678,3870228
4,679,6717970
4,680,2705815
4,681,10808375
4,682,5350731
4,683,2810031
4,684,26425529
4,685,4343243
4,686,5390800
4,687,3604054
4,688,5965683
4,689,7160834
4,690,6489288
4,691,4588700
4,692,5339537
4,693,8600823
4,694,6355936
4,695,3956214
4,696,18973904
4,697,4958272
4,698,4835993
4,699,5223476
4,700,5675376
4,701,5090226
4,702,3534694
4,703,5689680
4,704,20945834
4,705,31653464
4,706,57536492
4,707,6721917
4,708,6148059
4,709,5199204
4,710,4927977
4,711,6797497
4,712,5402773
4,713,2849191
4,714,4308111
4,715,3628504
4,716,4825635
4,717,2496378
4,718,6190637
4,719,5271140
4,720,3758386
4,721,4759038
4,722,3217945
4,723,3004494
4,724,15918838
4,725,3394870
4,726,5986486
4,727,5478229
4,728,2895581
4,729,3711354
4,730,3818180
4,731,5509697
4,732,8008615
4,733,7095699
4,734,21551556
4,735,4157814
4,736,3831509
4,737,15336779
4,738,6182254
4,739,3705418
4,740,2558285
4,741,3417945
4,742,9596021
4,743,6431240
4,744,4398023
4,745,3421207
4,746,8137434
4,747,5051219
4,748,4257739
4,749,5090458
4,750,4452896
4,751,4005996
4,752,4061452
4,753,7464985
4,754,3959476
4,755,18865137
4,756,4787779
4,757,6370617
4,758,3989412
4,759,2908507
4,760,11222434
4,761,7657143
4,762,4622343
4,763,3925073
4,764,8261530
4,765,3162106
4,766,5881834
4,767,5349294
4,768,9450791
4,769,3525396
4,770,4721092
4,771,3941669
4,772,3403172
4,773,2806818
4,774,12171083
4,775,3830402
4,776,3193620
4,777,3740479
4,778,11571414
4,779,2596669
4,780,3766918
4,781,4070892
4,782,7179236
4,783,3671813
4,784,5545982
4,785,4568312
4,786,4276674
4,787,10769245
4,788,9908846
4,789,3434485
4,790,11923597
4,791,11195966
4,792,9203466
4,793,11625386
4,794,4902570
4,795,4158732
4,796,6441144
4,797,3781342
4,798,6346653
4,799,3678521
4,800,4109126
4,801,3966597
4,802,2473552
4,803,7055760
4,804,5440883
4,805,3518034
4,806,4888809
4,807,8229204
4,808,21114689
4,809,4738684
4,810,2790855
4,811,3715166
4,812,4751545
4,813,5631270
4,814,16668188
4,815,6000810
4,816,4173789
4,817,6214841
4,818,5029185
4,819,19175639
4,820,4087433
4,821,3975842
4,822,3920738
4,823,3387121
4,824,13940066
4,825,11043933
4,826,5724445
4,827,3958680
4,828,3612344
4,829,3229107
4,830,6201098
4,831,14185008
4,832,5608232
4,833,3925080
4,834,2884150
4,835,4831964
4,836,10447379
4,837,2733169
4,838,4582031
4,839,3926064
4,840,4281466
4,841,6589584
4,842,5387147
4,843,5389545
4,844,3396451
4,845,14961810
4,846,6639307
4,847,4142022
4,848,4120445
4,849,3823603
4,850,2553930
4,851,3487519
4,852,4146652
4,853,4374680
4,854,5756266
4,855,5028441
4,856,3881164
4,857,4218930
4,858,5619374
4,859,4996451
4,860,6251795
4,861,4315832
4,862,7434263
4,863,4119094
4,864,3941187
4,865,4273514
4,866,3972456
4,867,4546827
4,868,5731431
4,869,6232502
4,870,5064537
4,871,9082131
4,872,4930131
4,873,3374548
4,874,5816758
4,875,5537131
4,876,8513821
4,877,10402251
4,878,13700486
4,879,4760777
4,880,4462288
4,881,4873176
4,882,3780742
4,883,3689713
4,884,27139289
4,885,3526835
4,886,4125573
4,887,3928714
4,888,3718931
4,889,9225102
4,890,4840576
4,891,2879379
4,892,17961031
4,893,5968338
4,894,5528805
4,895,5652751
4,896,6772618
4,897,5346155
4,898,6772586
4,899,10233589
4,900,5769273
4,901,5287190
4,902,3790057
4,903,3138108
4,904,24723796
4,905,7280641
4,906,4466815
4,907,16591408
4,908,3291850
4,909,4472545
4,910,3539807
4,911,3302334
4,912,3276336
4,913,8001887
4,914,3466028
4,915,8102917
4,916,5280083
4,917,3160584
4,918,11631306
4,919,6268358
4,920,5154398
4,921,12637735
4,922,6266133
4,923,6839682
4,924,3944871
4,925,2985843
4,926,8134823
4,927,6174815
4,928,5929854
4,929,2599292
4,930,6978522
4,931,4525898
4,932,4157333
4,933,4855987
4,934,3551857
4,935,4507576
4,936,3356698
4,937,3602896
4,938,5153491
4,939,7966859
4,940,5451241
4,941,4476263
4,942,2575428
4,943,5890846
4,944,4753888
4,945,7083887
4,946,6523856
4,947,8517512
4,948,7889007
4,949,2851487
4,950,5117374
4,951,5777236
4,952,3660737
4,953,5878174
4,954,17647920
4,955,11621312
4,956,4941689
4,957,4965903
4,958,4796054
4,959,25125414
4,960,3897192
4,961,14931545
4,962,12990915
4,963,4721589
4,964,6296042
4,965,4503468
4,966,3962752
4,967,3457400
4,968,8673146
4,969,3343763
4,970,3145582
4,971,5674504
4,972,3885162
4,973,6147584
4,974,4133774
4,975,3935991
4,976,3490392
4,977,4603731
4,978,10698880
4,979,3983778
4,980,4822333
4,981,3659444
4,982,15100033
4,983,7256169
4,984,4160464
4,985,4468863
4,986,4539300
4,987,2896107
4,988,4795498
4,989,29286328
4,990,5125886
4,991,3355765
4,992,15990386
4,993,3787355
4,994,4031267
4,995,4045215
4,996,5245171
4,997,12904904
4,998,8808088
4,999,7187706
4,1000,7489675
5,1,82086932
5,2,47294888
5,3,3810000
5,4,7050200
5,5,5974558
5,6,3517470
5,7,4313544
5,8,7543605
5,9,4442347
5,10,3790113
5,11,3973178
5,12,4864300
5,13,6934097
5,14,4892508
5,15,16266268
5,16,39645531
5,17,2611145
5,18,11955710
5,19,3248662
5,20,3726692
5,21,2509252
5,22,2495608
5,23,2430710
5,24,2451969
5,25,4179904
5,26,31442667
5,27,4855742
5,28,8055623
5,29,2768824
5,30,3641616
5,31,41417369
5,32,9583756
5,33,3212718
5,34,3549547
5,35,2590406
5,36,2879350
5,37,2724099
5,38,2969094
5,39,3111858
5,40,3275748
5,41,3046807
5,42,2603355
5,43,3055879
5,44,3617656
5,45,14890788
5,46,21554251
5,47,8922716
5,48,4134423
5,49,2831921
5,50,3424590
5,51,2961656
5,52,3921037
5,53,3390081
5,54,8199500
5,55,3019290
5,56,16708369
5,57,3782885
5,58,3108830
5,59,4140217
5,60,3876973
5,61,3574018
5,62,19941975
5,63,3964440
5,64,3605802
5,65,16646628
5,66,11524592
5,67,5306190
5,68,3962770
5,69,3204986
5,70,8450421
5,71,7312555
5,72,3359368
5,73,20184211
5,74,16271628
5,75,2739384
5,76,4408902
5,77,5905814
5,78,21226125
5,79,6012648
5,80,9686095
5,81,8443186
5,82,2748954
5,83,2512977
5,84,3077801
5,85,8090721
5,86,3803613
5,87,3891367
5,88,4189274
5,89,3774580
5,90,4052529
5,91,2771389
5,92,14207502
5,93,3356086
5,94,3571676
5,95,5286653
5,96,8530798
5,97,3401114
5,98,31948990
5,99,11609854
5,100,8281081
5,101,19460791
5,102,4158008
5,103,4497725
5,104,4519823
5,105,7928614
5,106,5459164
5,107,2775771
5,108,6857345
5,109,3948971
5,110,8735394
5,111,3869382
5,112,11990989
5,113,3733793
5,114,3796552
5,115,11263820
5,116,5495343
5,117,15635050
5,118,5270694
5,119,4522419
5,120,15860622
5,121,9274537
5,122,3471800
5,123,7275822
5,124,7673514
5,125,4312017
5,126,4424371
5,127,3851345
5,128,8630442
5,129,28807744
5,130,12385769
5,131,37429878
5,132,5385923
5,133,3936875
5,134,3663153
5,135,7881270
5,136,4409035
5,137,14160097
5,138,5733455
5,139,4671693
5,140,4872698
5,141,3956617
5,142,4967967
5,143,5132353
5,144,5720672
5,145,5986066
5,146,5079176
5,147,3859467
5,148,19645790
5,149,7366054
5,150,4634112
5,151,3980909
5,152,5142625
5,153,5414751
5,154,3621555
5,155,4681478
5,156,4011448
5,157,4674109
5,158,4110396
5,159,18374050
5,160,2664101
5,161,5162830
5,162,7648297
5,163,3073898
5,164,6637683
5,165,49488972
5,166,16125301
5,167,2838689
5,168,20140772
5,169,3274015
5,170,3818404
5,171,3241203
5,172,5119705
5,173,2699979
5,174,9334424
5,175,4830561
5,176,4437802
5,177,6413237
5,178,4637550
5,179,3826380
5,180,3997927
5,181,3774425
5,182,4724951
5,183,4132009
5,184,5582826
5,185,14688629
5,186,7525958
5,187,4247946
5,188,4967943
5,189,18861469
5,190,10274069
5,191,3963316
5,192,5062128
5,193,5422165
5,194,2719681
5,195,5343534
5,196,2561250
5,197,7456359
5,198,3512146
5,199,5748464
5,200,7269576
5,201,6326051
5,202,13099359
5,203,6364191
5,204,3896513
5,205,3582737
5,206,4200438
5,207,7004571
5,208,3870467
5,209,5671153
5,210,5568025
5,211,7562812
5,212,4706841
5,213,3776703
5,214,16051289
5,215,7777681
5,216,31776030
5,217,4162243
5,218,2674203
5,219,6615746
5,220,4503079
5,221,3714186
5,222,4969504
5,223,4145982
5,224,4322419
5,225,2611850
5,226,38676847
5,227,20910070
5,228,5060328
5,229,5752056
5,230,4635892
5,231,3810281
5,232,3976083
5,233,9868929
5,234,4177160
5,235,19656063
5,236,3788147
5,237,5197389
5,238,4587907
5,239,6901873
5,240,3879552
5,241,4043278
5,242,5531142
5,243,3640249
5,244,27723132
5,245,4401106
5,246,2795183
5,247,3336977
5,248,15027700
5,249,7262171
5,250,3064496
5,251,3759868
5,252,4493651
5,253,3296493
5,254,3811274
5,255,3647619
5,256,4751432
5,257,5394179
5,258,4340917
5,259,3677284
5,260,4181623
5,261,2844585
5,262,3784811
5,263,3206166
5,264,4542095
5,265,5270042
5,266,3612542
5,267,4702339
5,268,5007212
5,269,3358159
5,270,3416768
5,271,4220267
5,272,4709766
5,273,2663337
5,274,11320425
5,275,6682243
5,276,8404317
5,277,7190661
5,278,3866280
5,279,3882531
5,280,4407252
5,281,4705437
5,282,6465200
5,283,4736073
5,284,3591107
5,285,4850002
5,286,3705934
5,287,7567028
5,288,3471773
5,289,10137593
5,290,4908850
5,291,5460069
5,292,4088689
5,293,6124731
5,294,2816173
5,295,5334506
5,296,15581329
5,297,7395965
5,298,3591020
5,299,18945632
5,300,18339192
5,301,3090780
5,302,18445854
5,303,7272270
5,304,3660241
5,305,3058019
5,306,2650942
5,307,9269984
5,308,4033307
5,309,12022445
5,310,7858700
5,311,13837663
5,312,3850686
5,313,3028895
5,314,3808385
5,315,4524667
5,316,3399091
5,317,3654615
5,318,4984765
5,319,9276144
5,320,4339822
5,321,3560915
5,322,4264897
5,323,4977441
5,324,4222512
5,325,4532521
5,326,4457728
5,327,6537935
5,328,3408547
5,329,22346724
5,330,4812202
5,331,4783357
5,332,3317121
5,333,12002276
5,334,10727962
5,335,5717211
5,336,5106729
5,337,4876061
5,338,7541206
5,339,4337118
5,340,10566779
5,341,6091516
5,342,4872803
5,343,7610915
5,344,4521604
5,345,4542838
5,346,13144083
5,347,7540464
5,348,3626925
5,349,17647089
5,350,3499659
5,351,3409306
5,352,4352075
5,353,3601399
5,354,2634271
5,355,8899934
5,356,8229651
5,357,3992003
5,358,10747460
5,359,3140551
5,360,3435542
5,361,9665403
5,362,5369014
5,363,4323223
5,364,3702114
5,365,3659043
5,366,3896646
5,367,7176053
5,368,4082221
5,369,4505404
5,370,4583357
5,371,6334613
5,372,4728627
5,373,7083076
5,374,9156028
5,375,8114441
5,376,5727376
5,377,4915199
5,378,5004974
5,379,3274171
5,380,6776686
5,381,3841536
5,382,3308451
5,383,5674115
5,384,13256960
5,385,9928681
5,386,4431862
5,387,18353362
5,388,9114209
5,389,5256583
5,390,4430621
5,391,4389142
5,392,11165283
5,393,4038378
5,394,4162967
5,395,6955347
5,396,3151145
5,397,3212668
5,398,3589222
5,399,11442878
5,400,4883613
5,401,3959227
5,402,7494808
5,403,3317748
5,404,10864006
5,405,3306021
5,406,6261514
5,407,5577784
5,408,3555207
5,409,2625983
5,410,6701370
5,411,26173281
5,412,3874060
5,413,5027397
5,414,21253892
5,415,4976543
5,416,5846187
5,417,19283028
5,418,4385395
5,419,4150720
5,420,2480382
5,421,4256535
5,422,6826417
5,423,4191202
5,424,5998653
5,425,4688696
5,426,6198406
5,427,8221565
5,428,5784050
5,429,5733260
5,430,3690893
5,431,4038866
5,432,3627499
5,433,4726764
5,434,3870893
5,435,4131767
5,436,4089215
5,437,3671517
5,438,2828878
5,439,5490129
5,440,3298809
5,441,4431998
5,442,17391795
5,443,11594370
5,444,5678650
5,445,4216180
5,446,3372978
5,447,3748005
5,448,3827398
5,449,3749205
5,450,3158037
5,451,3442099
5,452,4638712
5,453,4173028
5,454,5064388
5,455,4229607
5,456,3099801
5,457,4339256
5,458,3475839
5,459,4483289
5,460,4810576
5,461,23741321
5,462,5870837
5,463,7064304
5,464,5149224
5,465,3280409
5,466,5371230
5,467,15701061
5,468,4213967
5,469,7792015
5,470,19043574
5,471,10412952
5,472,6962658
5,473,8936344
5,474,6810040
5,475,4448958
5,476,3552970
5,477,3700025
5,478,3578014
5,479,4455660
5,480,5362956
5,481,3473710
5,482,6970582
5,483,4257565
5,484,8301835
5,485,18413482
5,486,2626615
5,487,4368878
5,488,4139531
5,489,2728484
5,490,18007594
5,491,34417705
5,492,59932643
5,493,5783760
5,494,3793186
5,495,3708094
5,496,3782348
5,497,2778343
5,498,4356894
5,499,16578180
5,500,5204899
5,501,4518858
5,502,9253639
5,503,12332173
5,504,14547386
5,505,3355570
5,506,4059414
5,507,3707329
5,508,4469503
5,509,5420368
5,510,3605109
5,511,4051556
5,512,2447661
5,513,12509850
5,514,4562066
5,515,2742188
5,516,8344223
5,517,2820925
5,518,3196251
5,519,5554259
5,520,5199935
5,521,4849913
5,522,4887827
5,523,20983427
5,524,5036263
5,525,4709553
5,526,62407743
5,527,25266310
5,528,15817203
5,529,4589034
5,530,4808366
5,531,2745842
5,532,24289532
5,533,15469683
5,534,3847125
5,535,15159761
5,536,4054247
5,537,3411131
5,538,3358015
5,539,2963976
5,540,3703757
5,541,3882223
5,542,3597808
5,543,3523377
5,544,5948359
5,545,3803411
5,546,3215132
5,547,3207173
5,548,3038717
5,549,5354285
5,550,3821703
5,551,7599572
5,552,4834263
5,553,6053902
5,554,6051477
5,555,12113403
5,556,17066595
5,557,10725947
5,558,73462164
5,559,5677560
5,560,3163008
5,561,6245294
5,562,3632945
5,563,3123438
5,564,6053347
5,565,5254928
5,566,24568822
5,567,17219663
5,568,4354646
5,569,4616264
5,570,3251876
5,571,4000038
5,572,3469005
5,573,3823463
5,574,4054911
5,575,4342148
5,576,5951926
5,577,3634045
5,578,4806974
5,579,3062051
5,580,16397685
5,581,3597480
5,582,3923070
5,583,4014309
5,584,15485104
5,585,4733750
5,586,3613452
5,587,15351654
5,588,3172840
5,589,7006519
5,590,5741024
5,591,4213427
5,592,3502149
5,593,3138227
5,594,6066713
5,595,6549439
5,596,4617473
5,597,3147887
5,598,3046320
5,599,8672680
5,600,7277719
5,601,3182672
5,602,5754001
5,603,3890941
5,604,29791235
5,605,9661634
5,606,7054503
5,607,5130738
5,608,4006085
5,609,3531670
5,610,12673837
5,611,3398963
5,612,3444771
5,613,3763471
5,614,6148340
5,615,4032671
5,616,4371492
5,617,3164953
5,618,3236690
5,619,4324396
5,620,5552546
5,621,5851483
5,622,3900511
5,623,4368938
5,624,11675370
5,625,3586335
5,626,4194142
5,627,3836834
5,628,4663313
5,629,4303307
5,630,5583897
5,631,3766108
5,632,3976819
5,633,3643319
5,634,3684070
5,635,4655482
5,636,8624558
5,637,11726258
5,638,7096539
5,639,14462774
5,640,22505124
5,641,11100903
5,642,25508947
5,643,8675687
5,644,4322222
5,645,4320489
5,646,5083667
5,647,2693272
5,648,4768180
5,649,4954759
5,650,3680517
5,651,4270832
5,652,2652343
5,653,7261843
5,654,3908547
5,655,3841548
5,656,2912936
5,657,10894060
5,658,4558786
5,659,3160284
5,660,3479741
5,661,4835252
5,662,4656051
5,663,3357556
5,664,3896436
5,665,5371041
5,666,5906134
5,667,5816668
5,668,6469688
5,669,19892880
5,670,7852664
5,671,2951664
5,672,19635530
5,673,15008146
5,674,6378967
5,675,4015447
5,676,3415252
5,677,8785304
5,678,3983017
5,679,4651193
5,680,12715055
5,681,24792273
5,682,4867283
5,683,2761669
5,684,7896959
5,685,3234127
5,686,3279693
5,687,2552851
5,688,11675814
5,689,4218173
5,690,2855983
5,691,3616792
5,692,5586142
5,693,7639034
5,694,4342493
5,695,3072663
5,696,2739017
5,697,7271371
5,698,5891724
5,699,3566604
5,700,3100791
5,701,3832570
5,702,5470729
5,703,4185770
5,704,3789297
5,705,4924572
5,706,21526190
5,707,3330889
5,708,4836798
5,709,4358927
5,710,3809252
5,711,3788112
5,712,4040254
5,713,8196299
5,714,7632791
5,715,4248117
5,716,3851733
5,717,4497506
5,718,23066988
5,719,3952974
5,720,7847971
5,721,4064721
5,722,4141811
5,723,2914560
5,724,31028539
5,725,5335598
5,726,15072886
5,727,26432247
5,728,4805561
5,729,6328970
5,730,4071690
5,731,4848554
5,732,4500889
5,733,4092354
5,734,4085950
5,735,3548057
5,736,6014820
5,737,16769637
5,738,7274426
5,739,4422633
5,740,10938485
5,741,4413453
5,742,3765450
5,743,4017400
5,744,3138702
5,745,6650229
5,746,3881074
5,747,3833005
5,748,4729354
5,749,6637817
5,750,4764736
5,751,3993835
5,752,7706750
5,753,3384634
5,754,24796569
5,755,5253974
5,756,4276772
5,757,12688963
5,758,7668340
5,759,5600321
5,760,3295361
5,761,3335377
5,762,3580672
5,763,5450043
5,764,3719338
5,765,7305997
5,766,3265084
5,767,14216509
5,768,5877689
5,769,3963327
5,770,3946741
5,771,3595300
5,772,3402966
5,773,4639552
5,774,4459454
5,775,3035290
5,776,5164453
5,777,4674103
5,778,4353763
5,779,5378716
5,780,4777233
5,781,4742692
5,782,4158291
5,783,3825737
5,784,6141448
5,785,4858965
5,786,5130211
5,787,3208571
5,788,5086860
5,789,3850279
5,790,4426607
5,791,4645776
5,792,4009995
5,793,6230480
5,794,25088094
5,795,5204528
5,796,5184510
5,797,4217210
5,798,2967043
5,799,3814378
5,800,5369208
5,801,2789179
5,802,7287757
5,803,4532500
5,804,2785594
5,805,4000666
5,806,14227699
5,807,5231654
5,808,22872082
5,809,9260798
5,810,3642849
5,811,6856123
5,812,4972476
5,813,3878026
5,814,3876713
5,815,5922704
5,816,5262017
5,817,4099918
5,818,14764986
5,819,4309847
5,820,4359119
5,821,13844886
5,822,4123428
5,823,3086111
5,824,4859233
5,825,3736051
5,826,2505254
5,827,13820392
5,828,3759665
5,829,3572685
5,830,17109585
5,831,4494032
5,832,4657109
5,833,3434099
5,834,2903424
5,835,3021514
5,836,3697088
5,837,4593762
5,838,3528113
5,839,22108223
5,840,11962530
5,841,4524866
5,842,4327823
5,843,3378699
5,844,4643645
5,845,5308064
5,846,8672862
5,847,2596430
5,848,4250668
5,849,3548583
5,850,5551033
5,851,6588912
5,852,3364880
5,853,3133837
5,854,3451137
5,855,2661783
5,856,4538648
5,857,18296010
5,858,4176175
5,859,3848651
5,860,3819868
5,861,2628721
5,862,4504944
5,863,4093388
5,864,5031790
5,865,4246268
5,866,3078157
5,867,3777562
5,868,7123497
5,869,15686105
5,870,14079941
5,871,5784648
5,872,4832751
5,873,2927046
5,874,3360852
5,875,3220623
5,876,6269873
5,877,2964904
5,878,7663307
5,879,3581266
5,880,5795155
5,881,2541840
5,882,5516720
5,883,3841724
5,884,31014616
5,885,5985663
5,886,5171269
5,887,5134216
5,888,4050497
5,889,14570421
5,890,5525396
5,891,3469705
5,892,19741623
5,893,26879219
5,894,9431805
5,895,6628843
5,896,3390884
5,897,5904594
5,898,4321058
5,899,3643859
5,900,3863779
5,901,4116688
5,902,6421584
5,903,3003110
5,904,12755302
5,905,7872135
5,906,7413479
5,907,8523747
5,908,3342942
5,909,4904064
5,910,5620851
5,911,5495876
5,912,3535750
5,913,3669585
5,914,3806029
5,915,7130509
5,916,3773714
5,917,3736628
5,918,3156492
5,919,4012277
5,920,2731144
5,921,4469693
5,922,4935939
5,923,4133641
5,924,14642607
5,925,5231620
5,926,11059779
5,927,4387331
5,928,3752868
5,929,4037098
5,930,2723527
5,931,4233585
5,932,5559061
5,933,3901366
5,934,3855513
5,935,3623068
5,936,3474131
5,937,11616224
5,938,3753992
5,939,3540427
5,940,11796565
5,941,4050728
5,942,3406280
5,943,3069742
5,944,3606057
5,945,18098170
5,946,3765717
5,947,12707182
5,948,4768771
5,949,4031066
5,950,4019577
5,951,4463254
5,952,4926852
5,953,4116753
5,954,3209702
5,955,4214994
5,956,3199184
5,957,8396927
5,958,4353944
5,959,11375618
5,960,4528434
5,961,3934937
5,962,45535645
5,963,8836692
5,964,3009461
5,965,4963626
5,966,5020654
5,967,19663708
5,968,29592610
5,969,3808136
5,970,2895813
5,971,5063218
5,972,6732288
5,973,4011355
5,974,4848649
5,975,7251611
5,976,10083890
5,977,4646369
5,978,13942257
5,979,12766606
5,980,5864687
5,981,7881931
5,982,18984595
5,983,3834162
5,984,2597451
5,985,5205903
5,986,3466665
5,987,3604646
5,988,7378811
5,989,4447389
5,990,3730531
5,991,5232606
5,992,7543856
5,993,10533940
5,994,3575396
5,995,5065901
5,996,3966208
5,997,3212881
5,998,4072705
5,999,7327478
5,1000,2945744
