iteration,operation,ns
1,1,10255262
1,2,991205259
1,3,778071495
1,4,173170
1,5,558330687
1,6,274500
1,7,1178250
1,8,787747202
1,9,558050375
1,10,417232
1,11,970710861
1,12,291167
1,13,133358
1,14,968065300
1,15,790285206
1,16,793117745
1,17,984159035
1,18,558504547
1,19,967528361
1,20,558582219
1,21,238246
1,22,151659
1,23,131394
1,24,113171
1,25,775786279
1,26,262360
1,27,4908400
1,28,557541216
1,29,4570220
1,30,164564
1,31,558307397
1,32,558468603
1,33,1412061
1,34,133125
1,35,116729
1,36,550943010
1,37,205944
1,38,117321
1,39,187086
1,40,792827082
1,41,441111091
1,42,4979566
1,43,155867
1,44,990376108
1,45,274722
1,46,984813910
1,47,259318
1,48,463950
1,49,983631095
1,50,983239124
1,51,774276240
1,52,217433
1,53,154259
1,54,983364436
1,55,249158
1,56,123143
1,57,115552
1,58,85593
1,59,445070329
1,60,990486844
1,61,968849276
1,62,215901
1,63,129493
1,64,175183
1,65,148837
1,66,5303492
1,67,3636635
1,68,148626
1,69,552628829
1,70,305044
1,71,984467091
1,72,983935792
1,73,558161593
1,74,242223
1,75,198162
1,76,558344157
1,77,236863
1,78,155268
1,79,110207
1,80,110768
1,81,97645
1,82,558584480
1,83,552677343
1,84,459946
1,85,111664
1,86,85800
1,87,135941
1,88,120539
1,89,97060
1,90,557829407
1,91,216548
1,92,968293492
1,93,4636444
1,94,2034112
1,95,991193981
1,96,5297872
1,97,236039
1,98,969944025
1,99,990343991
1,100,307853
1,101,968668979
1,102,793380802
1,103,450104657
1,104,446693495
1,105,558561775
1,106,203132
1,107,967999629
1,108,261094
1,109,442428599
1,110,793826573
1,111,4807051
1,112,552736650
1,113,271823
1,114,967720017
1,115,265749
1,116,11162811
1,117,181385
1,118,983999354
1,119,252703
1,120,126032
1,121,91814
1,122,2645163
1,123,133815
1,124,967667000
1,125,205351
1,126,114910
1,127,968975558
1,128,559081627
1,129,218326
1,130,560669148
1,131,297324
1,132,990402028
1,133,320118
1,134,443138067
1,135,990386995
1,136,557603572
1,137,213674
1,138,447420636
1,139,142755
1,140,787044892
1,141,555393824
1,142,286803
1,143,558690773
1,144,316103
1,145,123900
1,146,122960
1,147,990346366
1,148,990363025
1,149,967340954
1,150,206011
1,151,770261
1,152,163083
1,153,1110441
1,154,124175
1,155,969247727
1,156,559870249
1,157,773888459
1,158,216720
1,159,6047198
1,160,186742
1,161,984134863
1,162,218498
1,163,115542
1,164,122936
1,165,447334144
1,166,155386
1,167,5161841
1,168,145736
1,169,129241
1,170,120903
1,171,79164
1,172,78910
1,173,76384
1,174,524554
1,175,84928
1,176,109394
1,177,4573421
1,178,104684
1,179,124824
1,180,968939342
1,181,990185875
1,182,984145762
1,183,214622
1,184,136950
1,185,116708
1,186,969025253
1,187,558756508
1,188,974518892
1,189,991090544
1,190,194277
1,191,968391126
1,192,213290
1,193,446333260
1,194,129692
1,195,132350
1,196,158604
1,197,557695178
1,198,254269
1,199,120101
1,200,144784
1,201,967245413
1,202,304950
1,203,138730
1,204,969541070
1,205,5145435
1,206,200141
1,207,124902
1,208,106665
1,209,789229932
1,210,557912507
1,211,255943
1,212,552405173
1,213,1826586
1,214,556398340
1,215,213515
1,216,128223
1,217,208099
1,218,117665
1,219,110904
1,220,110560
1,221,967461137
1,222,240771
1,223,792895365
1,224,557211252
1,225,290945
1,226,129439
1,227,970598413
1,228,442050858
1,229,140445
1,230,976985706
1,231,442214552
1,232,128714
1,233,968999298
1,234,787808968
1,235,971244564
1,236,247664
1,237,968677158
1,238,234734
1,239,136853
1,240,2417091
1,241,968341846
1,242,446869225
1,243,968606193
1,244,193629
1,245,5112387
1,246,174356
1,247,113041
1,248,97816
1,249,81274
1,250,81856
1,251,155814
1,252,557396247
1,253,792624494
1,254,967687835
1,255,983740790
1,256,555502018
1,257,5997327
1,258,447019259
1,259,135926
1,260,552580677
1,261,263245
1,262,161817
1,263,112904
1,264,984782687
1,265,221445
1,266,136410
1,267,775395202
1,268,238468
1,269,148369
1,270,967686020
1,271,303423
1,272,5966119
1,273,558110149
1,274,268393
1,275,557570904
1,276,967793197
1,277,2414260
1,278,985076037
1,279,256239
1,280,552180029
1,281,447248479
1,282,968032094
1,283,775911504
1,284,220747
1,285,117535
1,286,446932656
1,287,561353566
1,288,990515421
1,289,253125
1,290,730352
1,291,991365276
1,292,563773598
1,293,262876
1,294,78578
1,295,127235
1,296,991507481
1,297,190275
1,298,217641
1,299,133414
1,300,126340
1,301,164166
1,302,124653
1,303,84763
1,304,73705
1,305,985832723
1,306,984789960
1,307,552558051
1,308,266372
1,309,126875
1,310,776572932
1,311,182138
1,312,118104
1,313,106988
1,314,985458718
1,315,223203
1,316,154127
1,317,969048856
1,318,564233300
1,319,210193
1,320,144148
1,321,985797934
1,322,193898
1,323,984781084
1,324,238545
1,325,970866188
1,326,221334
1,327,118024
1,328,991903534
1,329,558573577
1,330,3473234
1,331,196762
1,332,101796
1,333,552814717
1,334,558201180
1,335,967888040
1,336,447036920
1,337,136652
1,338,157717
1,339,991474097
1,340,189275
1,341,984239410
1,342,243799
1,343,558754163
1,344,558289446
1,345,9343526
1,346,191659
1,347,985688468
1,348,563473330
1,349,199243
1,350,774824355
1,351,194112
1,352,129516
1,353,555955732
1,354,981954118
1,355,272456
1,356,11020706
1,357,557762717
1,358,4675528
1,359,441279786
1,360,130195
1,361,143756
1,362,552673451
1,363,190036
1,364,116843
1,365,968606869
1,366,202783
1,367,447393767
1,368,775303704
1,369,968823551
1,370,556973456
1,371,967411922
1,372,1042446
1,373,557547384
1,374,984656141
1,375,256273
1,376,109622
1,377,552520351
1,378,187396
1,379,120055
1,380,985236086
1,381,216436
1,382,141432
1,383,132621
1,384,115451
1,385,119145
1,386,969023599
1,387,191560
1,388,5331913
1,389,131326
1,390,967716793
1,391,182532
1,392,787308934
1,393,972328201
1,394,184931
1,395,967867412
1,396,968174947
1,397,8651529
1,398,176528
1,399,774689899
1,400,152614
1,401,106960
1,402,123339
1,403,119081
1,404,564147083
1,405,558488303
1,406,186303
1,407,121512
1,408,107875
1,409,117473
1,410,275614
1,411,967633181
1,412,968444156
1,413,242145
1,414,107819
1,415,156675
1,416,112356
1,417,114899
1,418,95732
1,419,78872
1,420,67632
1,421,968768409
1,422,3337355
1,423,984561795
1,424,248719
1,425,120145
1,426,552456840
1,427,175043
1,428,117273
1,429,553081805
1,430,254675
1,431,126082
1,432,788985129
1,433,132597
1,434,100136
1,435,892098
1,436,138432
1,437,128451
1,438,69724
1,439,775456458
1,440,322118
1,441,137025
1,442,446718486
1,443,121667
1,444,447498062
1,445,131835
1,446,968840613
1,447,558331729
1,448,552987121
1,449,198447
1,450,165757
1,451,968641130
1,452,191836
1,453,552271450
1,454,183012
1,455,116549
1,456,4418823
1,457,3987130
1,458,121471
1,459,788913799
1,460,130491
1,461,985407159
1,462,170677
1,463,967625890
1,464,211622
1,465,441937079
1,466,138905
1,467,131709
1,468,108690
1,469,558638277
1,470,249954
1,471,223661
1,472,992763029
1,473,9715156
1,474,212442
1,475,968470278
1,476,170530
1,477,993029142
1,478,970641414
1,479,558070655
1,480,991276126
1,481,177087
1,482,309214
1,483,125271
1,484,557338647
1,485,173965
1,486,145817
1,487,969349071
1,488,235809
1,489,994889084
1,490,205786
1,491,131651
1,492,110018
1,493,120367
1,494,553885588
1,495,197450
1,496,131976
1,497,5684139
1,498,447282013
1,499,208349
1,500,79634
1,501,108206
1,502,986378365
1,503,169312
1,504,116706
1,505,560173940
1,506,985323517
1,507,187425
1,508,983801536
1,509,179121
1,510,554212912
1,511,969361671
1,512,986473252
1,513,560060389
1,514,560242859
1,515,191668
1,516,99965
1,517,137636
1,518,159714
1,519,985341715
1,520,559075609
1,521,558495953
1,522,986491031
1,523,969142659
1,524,968803115
1,525,558742225
1,526,469892
1,527,199052
1,528,5713707
1,529,135487
1,530,552850995
1,531,6527414
1,532,4916598
1,533,558991076
1,534,447654944
1,535,776492823
1,536,991834410
1,537,968147109
1,538,985829232
1,539,221951
1,540,88645
1,541,4562283
1,542,561104678
1,543,993401236
1,544,169945
1,545,969699396
1,546,793574038
1,547,559275977
1,548,986518825
1,549,253829
1,550,5906586
1,551,156993
1,552,985714960
1,553,447075195
1,554,985617257
1,555,227588
1,556,969479084
1,557,182820
1,558,184944
1,559,125507
1,560,987683325
1,561,559202968
1,562,175910
1,563,446940920
1,564,174564
1,565,457038752
1,566,843481349
1,567,61069162
1,568,1085031744
1,569,194651
1,570,130319
1,571,67652
1,572,1061205509
1,573,1039943823
1,574,228313
1,575,160124
1,576,635306535
1,577,152279
1,578,849862434
1,579,94290044
1,580,1064494599
1,581,1028384406
1,582,1069815604
1,583,164056
1,584,65899
1,585,1041462197
1,586,215861
1,587,608166048
1,588,266164
1,589,83842
1,590,64981
1,591,61185
1,592,1070725207
1,593,161963
1,594,146434
1,595,83600
1,596,617674242
1,597,1049691783
1,598,168783
1,599,74010
1,600,124966
1,601,64296409
1,602,175114
1,603,71277
1,604,65301780
1,605,150283
1,606,77884
1,607,152611
1,608,89239
1,609,611228825
1,610,62362236
1,611,835311676
1,612,506393287
1,613,110855
1,614,82130
1,615,75119469
1,616,1050138081
1,617,812602482
1,618,272056
1,619,189260
1,620,978604503
1,621,167964
1,622,552408188
1,623,178381
1,624,969284559
1,625,171325
1,626,558202689
1,627,552590708
1,628,182908
1,629,979337344
1,630,219647
1,631,145255
1,632,969070778
1,633,985330454
1,634,985286211
1,635,187844
1,636,137095
1,637,108655
1,638,95055
1,639,985629099
1,640,969552368
1,641,201907
1,642,132289
1,643,113122
1,644,104054
1,645,558940245
1,646,978288511
1,647,151070
1,648,153268
1,649,558044629
1,650,992353698
1,651,793294094
1,652,132912
1,653,99146
1,654,78941
1,655,558370929
1,656,789084112
1,657,558754909
1,658,558845384
1,659,6247043
1,660,217159
1,661,152477
1,662,315408
1,663,109436
1,664,69964
1,665,992588035
1,666,978984960
1,667,558265186
1,668,148950
1,669,4524548
1,670,985532584
1,671,559195261
1,672,164634
1,673,558890380
1,674,991454013
1,675,219792
1,676,135724
1,677,969525945
1,678,447100612
1,679,793963974
1,680,985601780
1,681,172369
1,682,969499570
1,683,211921
1,684,140917
1,685,783628824
1,686,143667
1,687,128972
1,688,6619479
1,689,175058
1,690,276622
1,691,831677651
1,692,197902
1,693,103202
1,694,5057143
1,695,969465603
1,696,971732033
1,697,558336452
1,698,991381051
1,699,991160861
1,700,168576
1,701,113871
1,702,108470
1,703,969566215
1,704,178955
1,705,5243784
1,706,138351
1,707,4300525
1,708,4379267
1,709,135537
1,710,559999543
1,711,4990431
1,712,776171385
1,713,991316925
1,714,181631
1,715,969744967
1,716,558923601
1,717,992488361
1,718,552919372
1,719,991409240
1,720,783737133
1,721,5700251
1,722,147955
1,723,559512840
1,724,785673491
1,725,559370690
1,726,3977422
1,727,559438447
1,728,225042
1,729,979001905
1,730,190581
1,731,109940
1,732,969699824
1,733,553372682
1,734,211141
1,735,552866997
1,736,969745374
1,737,794147544
1,738,794020353
1,739,117656
1,740,991303870
1,741,226993
1,742,111587
1,743,969768704
1,744,991664633
1,745,559592686
1,746,981774723
1,747,234546
1,748,90196
1,749,89308
1,750,5127431
1,751,122020
1,752,979049696
1,753,554956782
1,754,991577336
1,755,449995226
1,756,446109606
1,757,218463
1,758,100742
1,759,100837
1,760,972962944
1,761,795396119
1,762,110752
1,763,552917100
1,764,559947764
1,765,972866842
1,766,239139
1,767,991128691
1,768,6074347
1,769,195254
1,770,553017663
1,771,447757978
1,772,4269138
1,773,969518869
1,774,237383
1,775,552979896
1,776,168509
1,777,558372753
1,778,982028332
1,779,182635
1,780,558504128
1,781,168790
1,782,105355
1,783,557949551
1,784,176231
1,785,79533
1,786,139276
1,787,777477422
1,788,237335
1,789,558452673
1,790,558211254
1,791,165186
1,792,139033
1,793,128110
1,794,288759
1,795,98172
1,796,553239030
1,797,173416
1,798,109051
1,799,102113
1,800,557331272
1,801,981734457
1,802,451397036
1,803,557915853
1,804,233709
1,805,127123
1,806,81879
1,807,559379621
1,808,5584493
1,809,560678872
1,810,992113720
1,811,5754256
1,812,216629
1,813,442716391
1,814,119027
1,815,558481556
1,816,188213
1,817,969813945
1,818,206752
1,819,552965826
1,820,196998
1,821,105855
1,822,90392
1,823,73756
1,824,558436235
1,825,187252
1,826,161264
1,827,121899
1,828,559779574
1,829,203837
1,830,109870
1,831,93218
1,832,450493847
1,833,125681
1,834,556097962
1,835,992256383
1,836,162418
1,837,970144242
1,838,166032
1,839,16277486
1,840,191300
1,841,91386
1,842,970474922
1,843,204708
1,844,443531913
1,845,224579
1,846,981663048
1,847,982041684
1,848,4934754
1,849,187319
1,850,91598
1,851,100104
1,852,174640
1,853,968464230
1,854,461173
1,855,125768
1,856,132531
1,857,115911
1,858,7192516
1,859,968536029
1,860,175706
1,861,112893
1,862,559585273
1,863,200432
1,864,154794
1,865,115341
1,866,994491918
1,867,560163116
1,868,557925876
1,869,169605
1,870,169630
1,871,97781
1,872,192149
1,873,992112054
1,874,969613868
1,875,176499
1,876,196147
1,877,991333015
1,878,196760
1,879,447544794
1,880,5409299
1,881,552465401
1,882,969320931
1,883,786414009
1,884,170339
1,885,775208089
1,886,559051349
1,887,1462395
1,888,558833354
1,889,558811532
1,890,166607
1,891,559023678
1,892,163803
1,893,108889
1,894,101013
1,895,109501
1,896,981577471
1,897,178578
1,898,96924
1,899,969536037
1,900,160865
1,901,5314507
1,902,552914020
1,903,203889
1,904,149742
1,905,992085794
1,906,161757
1,907,793366952
1,908,558623294
1,909,447231057
1,910,969760317
1,911,969353692
1,912,154781
1,913,114541
1,914,99322
1,915,86105
1,916,5261425
1,917,117246
1,918,68929
1,919,558475484
1,920,247698
1,921,113163
1,922,5470950
1,923,5104661
1,924,181401
1,925,84454
1,926,66568
1,927,982110144
1,928,558378946
1,929,10791791
1,930,301157
1,931,114739
1,932,110412
1,933,5450917
1,934,969730911
1,935,206720
1,936,97306
1,937,104101
1,938,101713
1,939,775113323
1,940,140535
1,941,5437013
1,942,144663
1,943,98727
1,944,82342
1,945,59058
1,946,553804989
1,947,144184
1,948,5060584
1,949,156216
1,950,101902
1,951,108416
1,952,75175
1,953,442182705
1,954,991282730
1,955,447080232
1,956,970639834
1,957,968481250
1,958,214561
1,959,5596879
1,960,154266
1,961,3699813
1,962,162154
1,963,136094
1,964,981747611
1,965,559219867
1,966,160783
1,967,5378087
1,968,134177
1,969,992293583
1,970,179869
1,971,107104
1,972,101893
1,973,969513222
1,974,786888591
1,975,119124
1,976,972711404
1,977,776937676
1,978,131220
1,979,447365994
1,980,991713593
1,981,558930062
1,982,185783
1,983,981977474
1,984,159305
1,985,559065816
1,986,263876
1,987,552585969
1,988,978843469
1,989,560267485
1,990,559412614
1,991,558821618
1,992,558362047
1,993,178260
1,994,558795564
1,995,181854
1,996,138110
1,997,553086140
1,998,161800
1,999,83194
1,1000,154078
2,1,552507645
2,2,415454
2,3,782487730
2,4,116774
2,5,979655680
2,6,969149704
2,7,448345480
2,8,131523
2,9,118474
2,10,557930537
2,11,5209975
2,12,969343849
2,13,207278
2,14,968912320
2,15,195617
2,16,554150408
2,17,982112625
2,18,199970
2,19,981493642
2,20,558004026
2,21,195945
2,22,95108
2,23,4997678
2,24,162662
2,25,557367453
2,26,558066303
2,27,558648743
2,28,167331
2,29,783452323
2,30,122175
2,31,969061738
2,32,200524
2,33,98488
2,34,557965573
2,35,557869503
2,36,980929869
2,37,981185298
2,38,969268897
2,39,209000
2,40,980608923
2,41,173217
2,42,558498757
2,43,446461307
2,44,552631291
2,45,243408
2,46,157345
2,47,97502
2,48,86066
2,49,4933046
2,50,140419
2,51,81551
2,52,981032365
2,53,171672
2,54,978632475
2,55,188356
2,56,978749389
2,57,183697
2,58,80818
2,59,978534518
2,60,552150780
2,61,968877285
2,62,188899
2,63,553399344
2,64,179743
2,65,1002205872
2,66,6562721
2,67,558527826
2,68,403680
2,69,88975
2,70,447672357
2,71,978291689
2,72,450071
2,73,117251
2,74,558758166
2,75,792822547
2,76,118094
2,77,95400
2,78,793585138
2,79,446674858
2,80,110135
2,81,981673891
2,82,196905
2,83,785154485
2,84,5198020
2,85,990767343
2,86,980033507
2,87,222442
2,88,154345
2,89,780487974
2,90,978250711
2,91,969166005
2,92,990024637
2,93,194106
2,94,105296
2,95,446961195
2,96,991559212
2,97,557518082
2,98,168879
2,99,2775350
2,100,990401360
2,101,446911298
2,102,5138356
2,103,4300503
2,104,201344
2,105,980698956
2,106,552115502
2,107,192955
2,108,557340281
2,109,163400
2,110,123159
2,111,110870
2,112,5603885
2,113,128171
2,114,81240
2,115,60964
2,116,57988
2,117,112959
2,118,977963999
2,119,190266
2,120,101427
2,121,93069
2,122,792194366
2,123,990147802
2,124,171064
2,125,98438
2,126,990749690
2,127,172599
2,128,980532297
2,129,209051
2,130,968932226
2,131,5450924
2,132,121830
2,133,969066141
2,134,980219293
2,135,968871588
2,136,150175
2,137,98193
2,138,782980022
2,139,159132
2,140,98011
2,141,5041998
2,142,105404
2,143,980543046
2,144,186083
2,145,564522662
2,146,212448
2,147,5210549
2,148,163670
2,149,95311
2,150,558337721
2,151,556148758
2,152,164760
2,153,552221089
2,154,197252
2,155,460577
2,156,990558254
2,157,171922
2,158,182088
2,159,442214384
2,160,193345
2,161,160394
2,162,557817792
2,163,202695
2,164,968271978
2,165,176827
2,166,109800
2,167,83144
2,168,153336
2,169,977994917
2,170,166552
2,171,442259331
2,172,968826924
2,173,446704575
2,174,162254
2,175,135536
2,176,107347
2,177,970540064
2,178,204249
2,179,991235603
2,180,558082248
2,181,991221130
2,182,500757
2,183,119220
2,184,104038
2,185,6873433
2,186,108706
2,187,446990207
2,188,980688761
2,189,783320614
2,190,792965810
2,191,557365385
2,192,163813
2,193,969180150
2,194,204922
2,195,110946
2,196,4986140
2,197,978886308
2,198,5257980
2,199,129951
2,200,138441
2,201,446463693
2,202,446546352
2,203,990386425
2,204,558743426
2,205,990189977
2,206,157505
2,207,113176
2,208,560294780
2,209,991345574
2,210,561443599
2,211,783168492
2,212,153898
2,213,228630
2,214,158667
2,215,969429252
2,216,446307396
2,217,5398705
2,218,142603
2,219,91251
2,220,990677567
2,221,254626
2,222,558377800
2,223,970192349
2,224,552231999
2,225,557990442
2,226,208990
2,227,982692661
2,228,163164
2,229,94336
2,230,130101
2,231,792847878
2,232,553967939
2,233,557936677
2,234,161155
2,235,4901498
2,236,196825
2,237,148326
2,238,128105
2,239,76963
2,240,552584961
2,241,181924
2,242,110741
2,243,5033848
2,244,113086
2,245,4680798
2,246,109637
2,247,980613069
2,248,165029
2,249,783091358
2,250,136760
2,251,16212852
2,252,146750
2,253,119887
2,254,4138080
2,255,72812
2,256,4115829
2,257,969122787
2,258,978265498
2,259,167730
2,260,161100
2,261,91201
2,262,121954
2,263,991544638
2,264,204518
2,265,978173563
2,266,558663698
2,267,979806490
2,268,784924925
2,269,969328128
2,270,1127464
2,271,127495
2,272,991811256
2,273,554059312
2,274,551968665
2,275,203929
2,276,991375216
2,277,969409279
2,278,5586672
2,279,156064
2,280,135336
2,281,104413
2,282,4814607
2,283,103978
2,284,74145
2,285,4571300
2,286,110179
2,287,560497499
2,288,552981830
2,289,4361329
2,290,125295
2,291,447350724
2,292,776282727
2,293,169666
2,294,969525724
2,295,978272088
2,296,775538994
2,297,2119437
2,298,127557
2,299,83551
2,300,116622
2,301,90203
2,302,80839
2,303,59041
2,304,978732461
2,305,265113
2,306,783968244
2,307,176177
2,308,447919632
2,309,111681
2,310,142750
2,311,552293868
2,312,446973589
2,313,125096
2,314,133389
2,315,76411
2,316,110395
2,317,83889
2,318,969681967
2,319,209667
2,320,991030641
2,321,187050
2,322,991114327
2,323,163659
2,324,978594221
2,325,293456
2,326,552903713
2,327,163719
2,328,558416383
2,329,992768999
2,330,252122
2,331,968719068
2,332,561240782
2,333,990785927
2,334,975122767
2,335,981065566
2,336,558076653
2,337,243789
2,338,4549468
2,339,174179
2,340,97357
2,341,99438
2,342,557136544
2,343,177958
2,344,5074753
2,345,552172214
2,346,207317
2,347,92603
2,348,133346
2,349,6039126
2,350,979984835
2,351,186166
2,352,108937
2,353,115957
2,354,990801858
2,355,558393519
2,356,558945373
2,357,991039191
2,358,970109867
2,359,185371
2,360,101530
2,361,553093538
2,362,183742
2,363,558233275
2,364,261555
2,365,124501
2,366,108258
2,367,980665738
2,368,205869
2,369,975846653
2,370,216628
2,371,121799
2,372,968995351
2,373,169853
2,374,152176
2,375,558009320
2,376,447399606
2,377,5410681
2,378,557706402
2,379,207777
2,380,8081939
2,381,138663
2,382,969655866
2,383,552955894
2,384,558791017
2,385,5496591
2,386,981392912
2,387,446756680
2,388,137519
2,389,131631
2,390,981895914
2,391,198637
2,392,780895062
2,393,200921
2,394,351607
2,395,981591138
2,396,5406905
2,397,175461
2,398,4512309
2,399,141440
2,400,96235
2,401,781423267
2,402,552393132
2,403,5893830
2,404,133247
2,405,969048730
2,406,163823
2,407,160515
2,408,969413035
2,409,204979
2,410,99513
2,411,180831
2,412,968859251
2,413,151653
2,414,106814
2,415,446186964
2,416,552135745
2,417,195567
2,418,95138
2,419,118814
2,420,99750
2,421,101521
2,422,976046819
2,423,191330
2,424,131093
2,425,92193
2,426,780800356
2,427,154971
2,428,155468
2,429,112905
2,430,251024
2,431,93684
2,432,93060
2,433,59712
2,434,64342
2,435,58096
2,436,558258149
2,437,559363312
2,438,975816701
2,439,969233007
2,440,194274
2,441,125321
2,442,115013
2,443,446626201
2,444,990529733
2,445,180617
2,446,110292
2,447,116694
2,448,990773004
2,449,446960750
2,450,552102287
2,451,260426
2,452,557544711
2,453,975908419
2,454,227028
2,455,975963371
2,456,552815375
2,457,968903173
2,458,157730
2,459,96103
2,460,990922378
2,461,558693873
2,462,5258394
2,463,776112268
2,464,784888096
2,465,5032603
2,466,442351216
2,467,157655
2,468,5450011
2,469,119053
2,470,107552
2,471,4150253
2,472,976049977
2,473,980462588
2,474,167822
2,475,5490701
2,476,980856958
2,477,975630294
2,478,4658848
2,479,981474321
2,480,792848640
2,481,969095388
2,482,969303147
2,483,557909693
2,484,212919
2,485,449985385
2,486,557719712
2,487,564604311
2,488,975765293
2,489,6184202
2,490,336361
2,491,102558
2,492,986334661
2,493,446593633
2,494,130397
2,495,104508
2,496,104158
2,497,91870
2,498,87276
2,499,969578322
2,500,200978
2,501,775786652
2,502,995784395
2,503,206694
2,504,103013
2,505,109432
2,506,553584659
2,507,969248071
2,508,556016472
2,509,5296889
2,510,121936
2,511,130496
2,512,558996412
2,513,179894
2,514,558752080
2,515,552927648
2,516,976353145
2,517,975966807
2,518,5579650
2,519,173671
2,520,117412
2,521,97691
2,522,89071
2,523,67088
2,524,89987
2,525,91617
2,526,969210834
2,527,450604733
2,528,5012208
2,529,447144466
2,530,115554
2,531,92590
2,532,146332
2,533,552543869
2,534,193369
2,535,162771
2,536,95190
2,537,123541
2,538,985513199
2,539,160121
2,540,552806814
2,541,553884337
2,542,559732280
2,543,969630879
2,544,558420415
2,545,186126
2,546,190285
2,547,165934
2,548,83276
2,549,119211
2,550,95136
2,551,981172627
2,552,208667
2,553,442708596
2,554,177099
2,555,112777
2,556,976444915
2,557,191746
2,558,552891247
2,559,235969
2,560,124051
2,561,96781
2,562,976508518
2,563,170071
2,564,109707
2,565,84486
2,566,793047110
2,567,1542045
2,568,118818
2,569,981600138
2,570,279682
2,571,442269028
2,572,171194
2,573,92359
2,574,104453
2,575,552554912
2,576,170391
2,577,969572340
2,578,180640
2,579,129637
2,580,124203
2,581,976427608
2,582,166058
2,583,2866718
2,584,781279524
2,585,179394
2,586,980473962
2,587,242324
2,588,784782608
2,589,129190
2,590,203111
2,591,558280646
2,592,976471975
2,593,991155263
2,594,158627
2,595,980498090
2,596,785750463
2,597,781271352
2,598,127184
2,599,553354982
2,600,552881988
2,601,185143
2,602,793029208
2,603,121994
2,604,775949771
2,605,115380
2,606,976438444
2,607,442769170
2,608,155289
2,609,152886
2,610,195766
2,611,981735102
2,612,5482951
2,613,559099762
2,614,190972
2,615,175521
2,616,122968
2,617,90979
2,618,5364413
2,619,90096
2,620,561060164
2,621,976459674
2,622,162014
2,623,991720756
2,624,443400718
2,625,172498
2,626,87778
2,627,75249
2,628,5526334
2,629,559277762
2,630,5487003
2,631,185993
2,632,136041
2,633,559197783
2,634,165651
2,635,558993165
2,636,195802
2,637,992504439
2,638,216890
2,639,781560965
2,640,105985
2,641,98371
2,642,553547255
2,643,173727
2,644,161758
2,645,981867006
2,646,4254906
2,647,139707
2,648,187572
2,649,558556479
2,650,558964143
2,651,223122
2,652,997869044
2,653,976349009
2,654,781780803
2,655,138083
2,656,93444
2,657,82258
2,658,448608273
2,659,793484180
2,660,552914739
2,661,776124403
2,662,785605421
2,663,982064992
2,664,558326739
2,665,969645491
2,666,180571
2,667,106267
2,668,83819
2,669,75811
2,670,101480
2,671,121135
2,672,74598
2,673,560043004
2,674,158646
2,675,90726
2,676,77602
2,677,92783
2,678,97258
2,679,69589
2,680,991220775
2,681,5034364
2,682,984017418
2,683,559707737
2,684,227744
2,685,101306
2,686,776798644
2,687,169645
2,688,126052
2,689,91143
2,690,90253
2,691,83897
2,692,775788312
2,693,558349901
2,694,201514
2,695,121572
2,696,976298392
2,697,153199
2,698,116241
2,699,975283677
2,700,558594575
2,701,986428540
2,702,187641
2,703,442763472
2,704,559127099
2,705,553287656
2,706,498313
2,707,122701
2,708,558718467
2,709,991599744
2,710,792858917
2,711,173392
2,712,220773
2,713,82640
2,714,105155
2,715,90064
2,716,122950
2,717,559517652
2,718,558159536
2,719,776052906
2,720,969723739
2,721,976371161
2,722,558431125
2,723,166342
2,724,94958
2,725,115684
2,726,558989030
2,727,559243784
2,728,166118
2,729,88655
2,730,793866606
2,731,558946436
2,732,157829
2,733,163313
2,734,969720788
2,735,173756
2,736,553735028
2,737,176763
2,738,976415582
2,739,198504
2,740,151197
2,741,559246639
2,742,213341
2,743,444303488
2,744,117699
2,745,991417471
2,746,977290425
2,747,982763565
2,748,215982
2,749,796311300
2,750,127415
2,751,554183467
2,752,213191
2,753,98770
2,754,558921245
2,755,152994
2,756,976379662
2,757,172819
2,758,93537
2,759,785023292
2,760,160329
2,761,113964
2,762,969528735
2,763,976488523
2,764,558528439
2,765,233867
2,766,558681011
2,767,553420577
2,768,190275
2,769,105779
2,770,98979
2,771,553518112
2,772,785134087
2,773,785819350
2,774,129357
2,775,146126
2,776,101901
2,777,99123
2,778,4363499
2,779,157335
2,780,97843
2,781,995444688
2,782,261842
2,783,446718754
2,784,214917
2,785,558171441
2,786,281108
2,787,110452
2,788,93234
2,789,85130
2,790,981539301
2,791,175440
2,792,154603
2,793,103771
2,794,88018
2,795,83775
2,796,5544306
2,797,559409631
2,798,199718
2,799,777545717
2,800,158236
2,801,108909
2,802,785418535
2,803,970027685
2,804,185945
2,805,96571
2,806,5240256
2,807,990694615
2,808,175386
2,809,95908
2,810,111435
2,811,112716
2,812,558509653
2,813,558187202
2,814,969872782
2,815,159235
2,816,91670
2,817,95238
2,818,558428690
2,819,555488276
2,820,160721
2,821,115242
2,822,131130
2,823,100983
2,824,87661
2,825,558421118
2,826,976941127
2,827,164676
2,828,118864
2,829,91045
2,830,559080097
2,831,226451
2,832,114918
2,833,87056
2,834,143086
2,835,92887
2,836,776072367
2,837,558259704
2,838,173568
2,839,981780040
2,840,153233
2,841,969644188
2,842,776061316
2,843,126047
2,844,124641
2,845,104201
2,846,107592
2,847,558454530
2,848,176845
2,849,95139
2,850,117003
2,851,166848
2,852,103358
2,853,91615
2,854,67182
2,855,95521
2,856,57123
2,857,54712
2,858,558959593
2,859,553270589
2,860,446716275
2,861,558197332
2,862,164583
2,863,559391662
2,864,558083076
2,865,976211745
2,866,175500
2,867,105390
2,868,981811567
2,869,173389
2,870,981321134
2,871,161913
2,872,553253175
2,873,447442090
2,874,553423678
2,875,218921
2,876,135689
2,877,93441
2,878,5290763
2,879,558198416
2,880,201569
2,881,981441312
2,882,561679786
2,883,785025841
2,884,124893
2,885,92598
2,886,980730344
2,887,186131
2,888,97923
2,889,553802855
2,890,165787
2,891,969833920
2,892,553357970
2,893,558992658
2,894,186744
2,895,109079
2,896,94892
2,897,82738
2,898,5539664
2,899,553444527
2,900,558657999
2,901,558579893
2,902,5455160
2,903,991134827
2,904,219886
2,905,123225
2,906,969680751
2,907,558849377
2,908,447055872
2,909,133763
2,910,976486222
2,911,558747409
2,912,5370516
2,913,558632160
2,914,981784123
2,915,157583
2,916,558893456
2,917,213477
2,918,978253397
2,919,990490909
2,920,981797362
2,921,173288
2,922,793812222
2,923,122542
2,924,558741199
2,925,185871
2,926,553609727
2,927,5374947
2,928,793500809
2,929,167414
2,930,167370
2,931,96996
2,932,91877
2,933,90102
2,934,79680
2,935,58813
2,936,976741937
2,937,447646983
2,938,121490
2,939,308653
2,940,792858113
2,941,115212
2,942,92080
2,943,563728042
2,944,553411521
2,945,220956
2,946,970530925
2,947,181153
2,948,561336969
2,949,192613
2,950,4254074
2,951,132618
2,952,91994
2,953,89001
2,954,560755878
2,955,183710
2,956,983853152
2,957,976490097
2,958,159003
2,959,5218880
2,960,163979
2,961,6879720
2,962,560186460
2,963,169530
2,964,97219
2,965,137149
2,966,116390
2,967,89358
2,968,74966
2,969,56119
2,970,561342277
2,971,5568486
2,972,136371
2,973,969836286
2,974,7364322
2,975,4375838
2,976,976234515
2,977,155776
2,978,990669465
2,979,168405
2,980,96687
2,981,5504600
2,982,189515
2,983,990552334
2,984,786051503
2,985,153621
2,986,94480
2,987,199027
2,988,125396
2,989,81779
2,990,559417279
2,991,5589820
2,992,781657545
2,993,190116
2,994,559957710
2,995,175824
2,996,145308
2,997,96868
2,998,270788
2,999,142491
2,1000,106656
